-2.316 -44.367
-2.150 -44.400
-1.518 -44.126    ÁREA DE INTERDICAO FTI
-1.623 -43.866
-2.295 -44.260
-2.316 -44.367

-22.382 -41.182
-22.337 -41.134
-22.246 -41.081
-22.236 -41.049
-22.155 -41.022
-22.114 -40.990
-22.033 -40.947
-21.998 -40.942
-21.947 -40.942
-21.927 -40.931
-21.815 -40.910    MAPA TERRESTRE DO MARANHAO
-21.769 -40.888
-21.673 -40.824
-21.591 -40.765
-21.561 -40.755
-21.373 -40.675
-21.153 -40.605
-21.005 -40.536
-20.949 -40.487
-20.924 -40.503
-20.903 -40.487
-20.878 -40.461
-20.852 -40.439
-20.822 -40.402
-20.791 -40.380
-20.750 -40.343
-20.719 -40.311
-20.642 -40.268
-20.474 -40.209
-20.402 -40.172
-20.238 -40.076
-20.114 -39.947
-20.089 -39.905
-20.027 -39.830
-19.708 -39.675
-19.595 -39.648
-19.358 -39.589
-19.311 -39.568
-19.280 -39.573
-19.218 -39.557
-19.105 -39.552
-19.063 -39.552
-18.893 -39.568
-18.639 -39.578
-18.193 -39.530
-18.156 -39.488
-18.120 -39.477
-18.063 -39.439
-18.016 -39.365
-17.980 -39.327
-17.943 -39.306
-17.933 -39.274
-17.896 -39.247
-17.761 -39.188
-17.714 -39.172
-17.620 -39.177
-17.521 -39.145
-17.480 -39.156
-17.166 -39.167
-16.842 -39.060
-16.779 -39.060
-16.654 -39.044
-16.365 -39.065
-16.208 -39.055
-16.003 -39.028
-15.850 -39.076
-15.719 -39.081
-15.582 -39.119
-15.450 -39.135
-15.329 -39.113
-15.218 -39.113
-15.070 -39.081
-15.049 -39.092
-14.928 -39.092
-14.901 -39.108
-14.801 -39.103
-14.690 -39.119
-14.547 -39.124
-14.409 -39.113
-14.287 -39.076
-14.240 -39.087
-14.091 -39.049
-13.916 -38.990
-13.847 -38.985
-13.810 -39.001
-13.826 -38.990
-13.549 -38.964
-13.321 -38.910
-13.188 -38.803
-13.134 -38.793
-12.911 -38.659
-12.884 -38.621
-12.825 -38.579
-12.825 -38.563
-12.852 -38.498
-12.815 -38.461
-12.825 -38.397
-12.873 -38.370
-12.996 -38.343
-13.081 -38.306
-13.097 -38.253
-13.060 -38.204
-13.017 -38.188
-12.900 -38.119
-12.841 -38.108
-12.804 -38.065
-12.751 -38.033
-12.729 -38.012
-12.649 -37.964
-12.585 -37.953
-12.526 -37.937
-12.494 -37.900
-12.452 -37.814
-12.430 -37.771
-12.420 -37.702
-12.398 -37.606
-12.388 -37.590
-12.340 -37.568
-12.302 -37.536
-12.195 -37.488
-12.067 -37.483
-11.955 -37.451
-11.848 -37.418
-11.832 -37.418
-11.612 -37.279
-11.537 -37.247
-11.264 -37.087
-11.140 -36.953
-11.076 -36.841
-11.038 -36.820
-11.011 -36.761
-10.791 -36.483
-10.700 -36.419
-10.565 -36.360
-10.592 -36.445
-10.555 -36.440
-10.533 -36.403
-10.485 -36.397
-10.485 -36.365
-10.426 -36.328
-10.388 -36.322
-10.302 -36.215
-10.270 -36.194
-10.178 -36.087
-10.130 -36.060
-10.097 -35.970
-10.060 -35.911
-9.936 -35.766
-9.688 -35.504
-9.521 -35.397
-9.456 -35.349
-9.370 -35.301
-9.327 -35.290
-9.235 -35.280
-9.132 -35.205
-8.603 -34.991
-8.468 -34.922
-8.348 -34.873
-8.278 -34.825
-8.192 -34.788
-8.105 -34.793
-7.986 -34.766
-7.780 -34.766
-7.655 -34.756
-7.612 -34.761
-7.547 -34.756
-7.471 -34.729
-7.395 -34.745
-7.287 -34.809
-7.156 -34.804
-7.113 -34.783
-6.939 -34.772
-6.809 -34.772
-6.722 -34.852
-6.673 -34.863
-6.543 -34.922
-6.412 -34.938
-6.331 -34.970
-6.222 -34.991
-6.151 -34.996
-6.032 -35.045
-5.983 -35.050
-5.929 -35.077
-5.863 -35.087
-5.695 -35.135
-5.564 -35.189
-5.450 -35.280
-5.357 -35.317
-5.226 -35.397
-5.177 -35.467
-5.156 -35.526
-5.117 -35.665
-5.090 -35.691
-5.047 -35.873
-5.085 -36.002
-5.101 -36.092
-5.107 -36.199
-5.090 -36.269
-5.096 -36.424
-5.074 -36.472
-5.079 -36.536
-5.063 -36.622
-5.068 -36.686
-5.047 -36.809
-5.041 -36.852
-5.074 -37.066
-5.047 -37.199
-4.970 -37.354
-4.840 -37.499
-4.861 -37.525
-4.823 -37.531
-4.780 -37.600
-4.747 -37.659
-4.616 -37.787
-4.573 -37.836
-4.485 -37.932
-4.311 -38.097
-4.278 -38.119
-4.251 -38.119
-4.213 -38.178
-4.114 -38.263
-3.984 -38.349
-3.956 -38.418
-3.924 -38.461
-3.891 -38.547
-3.814 -38.702
-3.738 -38.841
-3.689 -38.889
-3.623 -38.980
-3.618 -39.028
-3.558 -39.145
-3.492 -39.231
-3.443 -39.263
-3.438 -39.295
-3.394 -39.375
-3.378 -39.423
-3.285 -39.573
-3.219 -39.723
-3.170 -39.755
-3.099 -39.851
-3.034 -39.979
-2.919 -40.129
-2.919 -40.306
-2.908 -40.370
-2.881 -40.434
-2.870 -40.525
-2.859 -40.562
-2.870 -41.043
-2.843 -41.150
-2.837 -41.231
-2.859 -41.247
-2.864 -41.455
-2.886 -41.557
-2.897 -41.658
-2.900 -41.667
-2.733 -41.833
-2.733 -42.000
-2.683 -42.067
-2.683 -42.233
-2.783 -42.267
-2.700 -42.533
-2.583 -42.717
-2.450 -43.000

-1.392249 -45.697 Ultimo contorno
-1.389113 -45.699
-1.378584 -45.688
-1.376568 -45.667
-1.375896 -45.647
-1.362231 -45.625
-1.336021 -45.619
-1.312948 -45.620
-1.289875 -45.608
-1.277106 -45.587
-1.271057 -45.569
-1.275762 -45.548
-1.295027 -45.540
-1.307124 -45.536
-1.318548 -45.527
-1.305331 -45.517
-1.300403 -45.503
-1.325269 -45.503
-1.346774 -45.510
-1.373880 -45.505
-1.386649 -45.499
-1.353047 -45.482
-1.331541 -45.468
-1.312052 -45.446
-1.299507 -45.415
-1.326165 -45.413
-1.352599 -45.419
-1.362903 -45.447
-1.378808 -45.469
-1.430331 -45.473
-1.467742 -45.476
-1.489471 -45.468
-1.449821 -45.448
-1.422715 -45.421
-1.410842 -45.397
-1.399194 -45.375
-1.363351 -45.369
-1.343862 -45.356
-1.325717 -45.358
-1.316084 -45.342
-1.340950 -45.308
-1.376792 -45.305
-1.418011 -45.303
-1.449149 -45.320
-1.456989 -45.347
-1.464606 -45.367
-1.469758 -45.351
-1.476927 -45.328
-1.496192 -45.299
-1.533154 -45.311
-1.554883 -45.313
-1.574149 -45.330
-1.603047 -45.336
-1.642025 -45.341
-1.671595 -45.350
-1.707885 -45.354
-1.731855 -45.342
-1.745296 -45.320
-1.715502 -45.332
-1.686156 -45.334
-1.661066 -45.326
-1.631048 -45.315
-1.609543 -45.309
-1.588710 -45.298
-1.603943 -45.275
-1.617608 -45.260
-1.620520 -45.246
-1.591174 -45.248
-1.563396 -45.245
-1.542115 -45.224
-1.528002 -45.206
-1.509409 -45.189
-1.515457 -45.173
-1.490815 -45.165
-1.468414 -45.149
-1.456093 -45.124
-1.429211 -45.116
-1.403674 -45.107
-1.377240 -45.106
-1.363575 -45.098
-1.367608 -45.073
-1.406362 -45.076
-1.430780 -45.070
-1.462142 -45.062
-1.482527 -45.057
-1.488799 -45.036
-1.483423 -45.008
-1.481631 -44.989
-1.521057 -44.986
-1.535394 -44.990
-1.528002 -44.962
-1.540995 -44.944
-1.562052 -44.951
-1.571685 -44.936
-1.594534 -44.921
-1.609319 -44.894
-1.598118 -44.862
-1.611335 -44.832
-1.592070 -44.832
-1.566532 -44.818
-1.588710 -44.793
-1.616263 -44.777
-1.648746 -44.738
-1.678539 -44.756
-1.696012 -44.754
-1.711246 -44.730
-1.708109 -44.692
-1.734095 -44.693
-1.758512 -44.714
-1.788754 -44.774
-1.787186 -44.779
-1.770833 -44.710
-1.757168 -44.666
-1.755152 -44.639
-1.721550 -44.635
-1.711470 -44.617
-1.733871 -44.587
-1.780018 -44.617
-1.795923 -44.607
-1.757617 -44.579
-1.774418 -44.568
-1.793683 -44.557
-1.833333 -44.552
-1.834005 -44.539
-1.813396 -44.527
-1.849462 -44.521
-1.874328 -44.551
-1.889113 -44.585
-1.886873 -44.548
-1.875000 -44.520
-1.870296 -44.508
-1.903674 -44.492
-1.921371 -44.485
-1.946909 -44.476
-1.961694 -44.479
-1.979167 -44.475
-1.995296 -44.473
-1.993056 -44.486
-1.990367 -44.490

-1.679154 -44.767
-1.671882 -44.754
-1.661966 -44.746
-1.653592 -44.727
-1.651168 -44.707
-1.649185 -44.688
-1.648744 -44.668
-1.657338 -44.663
-1.654914 -44.658
-1.640811 -44.656
-1.627369 -44.651
-1.611944 -44.656
-1.592772 -44.668
-1.578449 -44.672
-1.567871 -44.678
-1.566990 -44.692
-1.568532 -44.702
-1.557074 -44.703
-1.558616 -44.709
-1.557294 -44.718
-1.549361 -44.729
-1.539224 -44.742
-1.520934 -44.751
-1.486778 -44.753
-1.471133 -44.770
-1.473336 -44.783
-1.498017 -44.792
-1.509035 -44.804
-1.522918 -44.815
-1.537902 -44.829
-1.553548 -44.835
-1.573380 -44.839
-1.598061 -44.840
-1.614368 -44.848
-1.626487 -44.842
-1.679154 -44.767


-1.427501 -44.853
-1.430366 -44.839
-1.431688 -44.830
-1.445350 -44.835
-1.454606 -44.848
-1.476642 -44.850
-1.494711 -44.859
-1.497135 -44.872
-1.510357 -44.882
-1.537902 -44.894
-1.552226 -44.907
-1.571177 -44.918
-1.589687 -44.917
-1.598722 -44.917
-1.589467 -44.949
-1.570075 -44.952
-1.553107 -44.949
-1.526443 -44.969
-1.506390 -44.979
-1.494711 -44.955
-1.498017 -44.942
-1.470031 -44.911
-1.452402 -44.892
-1.427501 -44.853


-1.308506 -44.891
-1.319304 -44.891
-1.328559 -44.885
-1.341560 -44.877
-1.363817 -44.903
-1.367563 -44.925
-1.394667 -44.957
-1.411194 -44.978
-1.428823 -45.011
-1.425959 -45.036
-1.400837 -45.065
-1.367783 -45.077
-1.342442 -45.060
-1.340238 -45.037
-1.320846 -45.009
-1.294623 -44.993
-1.295505 -44.959
-1.308506 -44.891

-1.990367 -44.490
-2.012769 -44.455 Primeiro contorno
-2.015681 -44.453
-2.017249 -44.449
-2.019713 -44.447
-2.022513 -44.447
-2.025650 -44.450
-2.029010 -44.455
-2.033042 -44.461
-2.034610 -44.464
-2.031138 -44.464
-2.027218 -44.463
-2.027778 -44.462
-2.025986 -44.461
-2.022065 -44.459
-2.016465 -44.458
-2.012657 -44.456
-2.012769 -44.455


-2.066868 -44.464
-2.063620 -44.458
-2.060932 -44.455
-2.059588 -44.453
-2.059924 -44.451
-2.062948 -44.451
-2.066196 -44.453
-2.068884 -44.455
-2.071125 -44.456
-2.072693 -44.457
-2.072917 -44.460
-2.072693 -44.463
-2.074709 -44.468
-2.076725 -44.473
-2.078405 -44.480
-2.079413 -44.484
-2.078741 -44.487
-2.076613 -44.488
-2.074037 -44.486
-2.071125 -44.481
-2.068884 -44.475
-2.067652 -44.470
-2.066084 -44.465
-2.064852 -44.461
-2.066868 -44.464


-2.100919 -44.482
-2.101702 -44.478
-2.103607 -44.476
-2.104503 -44.473
-2.104391 -44.469
-2.106855 -44.469
-2.109431 -44.472
-2.111671 -44.474
-2.115143 -44.475
-2.118279 -44.475
-2.122872 -44.474
-2.126008 -44.475
-2.126568 -44.478
-2.123880 -44.478
-2.121416 -44.478
-2.119848 -44.480
-2.118168 -44.483
-2.117271 -44.487
-2.116711 -44.490
-2.115592 -44.491
-2.113687 -44.488
-2.113127 -44.484
-2.113239 -44.482
-2.112455 -44.480
-2.110439 -44.483
-2.108871 -44.484
-2.107751 -44.483
-2.105063 -44.482
-2.103158 -44.483
-2.100694 -44.482
-2.100919 -44.482


-2.131832 -44.456
-2.132504 -44.454
-2.135641 -44.455
-2.136649 -44.458
-2.136313 -44.461
-2.135529 -44.462
-2.130712 -44.461
-2.132392 -44.459
-2.133289 -44.459
-2.131832 -44.456

-2.013217 -44.505
-2.013889 -44.502
-2.016129 -44.498
-2.019713 -44.497
-2.022513 -44.493
-2.024978 -44.490
-2.026546 -44.486
-2.024978 -44.481
-2.021617 -44.477
-2.019937 -44.475
-2.019489 -44.473
-2.021505 -44.473
-2.023858 -44.475
-2.027106 -44.478
-2.031810 -44.478
-2.036626 -44.477
-2.039539 -44.480
-2.044579 -44.483
-2.047155 -44.488
-2.049171 -44.492
-2.051747 -44.497
-2.053427 -44.500
-2.053875 -44.504
-2.052784 -44.510 Segundo contorno
-2.054454 -44.512
-2.056347 -44.514
-2.059131 -44.517
-2.061915 -44.518
-2.065367 -44.522
-2.069265 -44.524
-2.075613 -44.531
-2.079621 -44.536
-2.082183 -44.540
-2.085189 -44.546
-2.086637 -44.551
-2.084298 -44.551
-2.080178 -44.545
-2.077728 -44.541
-2.077506 -44.545
-2.080512 -44.552
-2.083185 -44.555
-2.084744 -44.559
-2.085523 -44.562
-2.090312 -44.564
-2.093652 -44.566
-2.097773 -44.567
-2.102673 -44.569
-2.107572 -44.572
-2.111024 -44.575
-2.115033 -44.577
-2.118931 -44.575
-2.122049 -44.577
-2.122717 -44.583
-2.125167 -44.588
-2.130178 -44.592
-2.135412 -44.597
-2.137528 -44.601
-2.140646 -44.605
-2.142428 -44.608
-2.146882 -44.613
-2.150445 -44.617
-2.153452 -44.621
-2.159354 -44.622
-2.160356 -44.626
-2.158909 -44.630
-2.154677 -44.634
-2.154120 -44.635
-2.157016 -44.636
-2.159577 -44.634
-2.162250 -44.631
-2.164588 -44.627
-2.163697 -44.620
-2.161470 -44.613
-2.158129 -44.609
-2.156793 -44.605
-2.156459 -44.599
-2.160134 -44.598
-2.167595 -44.598
-2.175278 -44.600
-2.182962 -44.603
-2.189978 -44.607
-2.190646 -44.612
-2.191760 -44.615
-2.192762 -44.619
-2.195991 -44.617
-2.197773 -44.617
-2.202227 -44.621
-2.205791 -44.624
-2.208018 -44.624
-2.209800 -44.626
-2.213809 -44.629
-2.218597 -44.632
-2.223051 -44.635
-2.227617 -44.638
-2.232294 -44.643
-2.235746 -44.647
-2.238085 -44.651
-2.238864 -44.655
-2.237639 -44.660
-2.236971 -44.664
-2.235635 -44.667
-2.234855 -44.670
-2.235078 -44.674
-2.233407 -44.680
-2.236080 -44.678
-2.238307 -44.673
-2.239755 -44.673
-2.240423 -44.669
-2.240869 -44.665
-2.244098 -44.664
-2.248218 -44.669
-2.250445 -44.674
-2.253341 -44.680
-2.257350 -44.682
-2.257238 -44.685
-2.255011 -44.696
-2.254232 -44.701
-2.250891 -44.704
-2.245212 -44.704
-2.240646 -44.703
-2.238864 -44.705
-2.237305 -44.708
-2.237194 -44.712
-2.238753 -44.709
-2.242984 -44.709
-2.247884 -44.710
-2.253675 -44.712
-2.256793 -44.709
-2.260134 -44.704
-2.261693 -44.698
-2.264365 -44.695
-2.267929 -44.691
-2.272383 -44.689
-2.277617 -44.690
-2.280512 -44.694
-2.282517 -44.699
-2.281848 -44.704
-2.278953 -44.709
-2.275501 -44.712
-2.272494 -44.717
-2.270490 -44.724
-2.270267 -44.736
-2.271492 -44.744
-2.269488 -44.756
-2.268597 -44.759
-2.267595 -44.762
-2.269488 -44.767
-2.273051 -44.771
-2.277728 -44.772
-2.282183 -44.774
-2.288530 -44.780
-2.293987 -44.785
-2.299109 -44.786
-2.297439 -44.780
-2.293096 -44.774
-2.286303 -44.768
-2.281180 -44.766
-2.278508 -44.764
-2.274833 -44.763
-2.273942 -44.756
-2.277283 -44.752
-2.278062 -44.739
-2.279510 -44.729
-2.282071 -44.725
-2.281960 -44.719
-2.285078 -44.717
-2.289310 -44.713
-2.293430 -44.711
-2.297884 -44.710
-2.304120 -44.708
-2.303452 -44.704
-2.299889 -44.704
-2.295768 -44.699
-2.296214 -44.692
-2.293653 -44.685
-2.291982 -44.678
-2.291537 -44.668
-2.291759 -44.664
-2.294098 -44.658
-2.294766 -44.655
-2.296993 -44.655
-2.301559 -44.660
-2.306125 -44.662
-2.309131 -44.666
-2.314254 -44.669
-2.320490 -44.672
-2.323608 -44.674
-2.326503 -44.677
-2.323608 -44.679
-2.323274 -44.684
-2.325947 -44.680
-2.329287 -44.678
-2.335969 -44.679
-2.340200 -44.682
-2.348552 -44.682
-2.360022 -44.682
-2.363363 -44.684
-2.367260 -44.688
-2.370824 -44.694
-2.373831 -44.700
-2.376058 -44.706
-2.378953 -44.710
-2.382851 -44.714
-2.388196 -44.717
-2.397773 -44.718
-2.402339 -44.715
-2.408797 -44.716
-2.413586 -44.720
-2.415924 -44.719
-2.421269 -44.715
-2.418374 -44.712
-2.413808 -44.709
-2.409688 -44.707
-2.405568 -44.707
-2.396325 -44.708
-2.391091 -44.707
-2.387416 -44.705
-2.385969 -44.702
-2.382851 -44.696
-2.379733 -44.691
-2.375612 -44.684
-2.372717 -44.678
-2.368151 -44.673
-2.363808 -44.670
-2.360690 -44.668
-2.361581 -44.667
-2.362249 -44.663
-2.364588 -44.662
-2.367595 -44.657
-2.369710 -44.653
-2.376281 -44.651
-2.381849 -44.650
-2.389310 -44.652
-2.395880 -44.655
-2.403118 -44.659
-2.409354 -44.663
-2.415145 -44.666
-2.420379 -44.668
-2.424722 -44.668
-2.425724 -44.664
-2.422494 -44.661
-2.415256 -44.660
-2.409577 -44.656
-2.396993 -44.649
-2.388196 -44.645
-2.380624 -44.644
-2.372160 -44.644
-2.366258 -44.645
-2.357572 -44.649
-2.351448 -44.653
-2.343652 -44.658
-2.337416 -44.661
-2.334521 -44.664
-2.331849 -44.663
-2.327283 -44.661
-2.323051 -44.658
-2.317038 -44.653
-2.310356 -44.648
-2.303452 -44.643
-2.295546 -44.634
-2.289755 -44.629
-2.284076 -44.629
-2.279510 -44.629
-2.275835 -44.630
-2.272940 -44.628
-2.268486 -44.626
-2.263363 -44.623
-2.259799 -44.618
-2.256570 -44.612
-2.252450 -44.605
-2.248886 -44.601
-2.245768 -44.600
-2.244432 -44.595
-2.242984 -44.592
-2.234967 -44.593
-2.231292 -44.593
-2.232739 -44.592
-2.230289 -44.586
-2.228953 -44.584
-2.231737 -44.579
-2.231403 -44.574
-2.230067 -44.568
-2.226615 -44.562
-2.224053 -44.557
-2.220379 -44.551
-2.222717 -44.541
-2.227728 -44.540
-2.222606 -44.539
-2.218708 -44.542
-2.217817 -44.547
-2.217261 -44.554
-2.218820 -44.559
-2.219822 -44.566
-2.217149 -44.569
-2.213029 -44.569
-2.206793 -44.569
-2.205568 -44.565
-2.204232 -44.559
-2.200668 -44.554
-2.195546 -44.548
-2.190089 -44.546
-2.183185 -44.547
-2.178062 -44.544
-2.172272 -44.540
-2.166704 -44.535
-2.163808 -44.537
-2.159911 -44.531
-2.156236 -44.526
-2.153341 -44.518
-2.150891 -44.513
-2.147995 -44.508

-2.148107 -44.607
-2.144655 -44.603
-2.142539 -44.599
-2.143318 -44.593
-2.147105 -44.593
-2.150334 -44.596
-2.152450 -44.599
-2.153452 -44.603
-2.154566 -44.607
-2.152561 -44.610
-2.148107 -44.607

-2.148583 -44.509 Terceiro contorno
-2.146590 -44.505
-2.145040 -44.501
-2.144597 -44.494
-2.146258 -44.487
-2.146590 -44.481
-2.148804 -44.477
-2.151351 -44.472
-2.153897 -44.467
-2.157662 -44.462
-2.160540 -44.458
-2.164083 -44.455
-2.167626 -44.451
-2.170173 -44.447
-2.172387 -44.442
-2.177037 -44.442
-2.179916 -44.440
-2.180691 -44.436
-2.182241 -44.438
-2.184234 -44.441
-2.185894 -44.444
-2.189327 -44.447
-2.193645 -44.449
-2.197741 -44.450
-2.194530 -44.445
-2.189659 -44.442
-2.188884 -44.437
-2.190877 -44.434
-2.193202 -44.428
-2.196523 -44.423
-2.201506 -44.422
-2.205935 -44.417
-2.211027 -44.412
-2.213463 -44.407
-2.215456 -44.403
-2.219221 -44.409
-2.220992 -44.413
-2.224203 -44.417
-2.228410 -44.418
-2.231732 -44.417
-2.230514 -44.411
-2.227635 -44.409
-2.223760 -44.409
-2.221656 -44.409
-2.221988 -44.406
-2.224313 -44.401
-2.225642 -44.401
-2.228631 -44.400
-2.232617 -44.399
-2.237489 -44.399
-2.241253 -44.398
-2.247121 -44.397
-2.250886 -44.395
-2.256643 -44.393
-2.260850 -44.393
-2.264615 -44.389
-2.270261 -44.388
-2.272476 -44.386
-2.274469 -44.386
-2.273361 -44.389
-2.274358 -44.394
-2.277790 -44.397
-2.280115 -44.398
-2.282662 -44.400
-2.282772 -44.403
-2.283769 -44.404
-2.285429 -44.404
-2.284323 -44.399
-2.282219 -44.396
-2.279783 -44.395
-2.277569 -44.394
-2.276461 -44.390
-2.278012 -44.389
-2.278676 -44.384
-2.280779 -44.382
-2.289083 -44.377
-2.290301 -44.374
-2.295505 -44.372
-2.300376 -44.372
-2.306909 -44.367
-2.312445 -44.366
-2.317095 -44.364
-2.320859 -44.362
-2.324513 -44.362
-2.325399 -44.364
-2.326284 -44.368
-2.326506 -44.371
-2.325509 -44.373
-2.327059 -44.372
-2.327945 -44.368
-2.329052 -44.365
-2.329606 -44.363
-2.330713 -44.359
-2.330492 -44.361
-2.332595 -44.359
-2.335695 -44.359
-2.338795 -44.361
-2.344110 -44.363
-2.346988 -44.365
-2.348981 -44.368
-2.350753 -44.371
-2.354185 -44.373
-2.357617 -44.374
-2.359278 -44.374
-2.359167 -44.376
-2.356842 -44.379
-2.354628 -44.379
-2.353964 -44.383
-2.354517 -44.388
-2.354296 -44.392
-2.354185 -44.396
-2.356178 -44.397
-2.356842 -44.393
-2.356732 -44.388
-2.356953 -44.385
-2.357949 -44.381
-2.359278 -44.378
-2.362046 -44.375
-2.365478 -44.372
-2.369575 -44.371
-2.374668 -44.372
-2.378211 -44.372
-2.382639 -44.374
-2.385740 -44.375
-2.388729 -44.376
-2.393490 -44.378
-2.397697 -44.381
-2.400354 -44.384
-2.403233 -44.386
-2.406222 -44.389
-2.408769 -44.392
-2.409876 -44.395
-2.411315 -44.399
-2.412865 -44.402
-2.412422 -44.404
-2.409101 -44.403
-2.406222 -44.400
-2.403565 -44.398
-2.400354 -44.400
-2.398694 -44.404
-2.399801 -44.404
-2.402236 -44.402
-2.405115 -44.401
-2.406665 -44.403
-2.407440 -44.406
-2.408880 -44.413
-2.410429 -44.415
-2.411648 -44.403
-2.409101 -44.401
-2.406665 -44.398
-2.402790 -44.398
-2.400465 -44.401
-2.402126 -44.401
-2.404340 -44.400
-2.406887 -44.403
-2.408658 -44.407
-2.409323 -44.410
-2.410983 -44.413
-2.410762 -44.417
-2.408437 -44.420
-2.407330 -44.422
-2.404894 -44.424
-2.400908 -44.423
-2.397586 -44.423
-2.393711 -44.425
-2.394597 -44.426
-2.397697 -44.425
-2.401683 -44.425
-2.404340 -44.427
-2.406887 -44.426
-2.408880 -44.425
-2.408547 -44.428
-2.409212 -44.436
-2.411537 -44.439
-2.414415 -44.440
-2.414858 -44.442
-2.415633 -44.446
-2.415744 -44.450
-2.415301 -44.457
-2.412976 -44.462
-2.409212 -44.463
-2.405115 -44.462
-2.407662 -44.465
-2.410319 -44.468
-2.411869 -44.472
-2.410872 -44.478
-2.406665 -44.482
-2.400908 -44.486
-2.396922 -44.489
-2.390833 -44.497
-2.388950 -44.503
-2.386293 -44.510
-2.385075 -44.518
-2.383968 -44.523
-2.387179 -44.532
-2.390943 -44.537
-2.395372 -44.544
-2.401019 -44.553
-2.406776 -44.557
-2.408769 -44.557
-2.404783 -44.552
-2.400687 -44.546
-2.397697 -44.541
-2.394376 -44.534
-2.390943 -44.528
-2.389282 -44.525
-2.389504 -44.518
-2.391386 -44.513
-2.394043 -44.509
-2.398583 -44.507
-2.403012 -44.504
-2.407551 -44.505
-2.410319 -44.508
-2.413973 -44.506
-2.408880 -44.502
-2.407662 -44.499
-2.410097 -44.496
-2.413973 -44.495
-2.419398 -44.496
-2.423383 -44.499
-2.428809 -44.504
-2.432241 -44.510
-2.435452 -44.517
-2.440212 -44.520
-2.444309 -44.521
-2.436227 -44.515
-2.442316 -44.515
-2.446523 -44.516
-2.451284 -44.515
-2.455159 -44.516
-2.457152 -44.514
-2.459367 -44.509
-2.463352 -44.506
-2.469663 -44.506
-2.474756 -44.504
-2.478742 -44.508
-2.480957 -44.513
-2.485939 -44.519
-2.490257 -44.522
-2.494907 -44.525
-2.498561 -44.525

-2.414637 -44.426
-2.414083 -44.420
-2.416519 -44.420
-2.422387 -44.421
-2.425709 -44.423
-2.425266 -44.425
-2.422941 -44.427
-2.420062 -44.427
-2.417183 -44.427
-2.414305 -44.426
-2.414637 -44.426


-2.429584 -44.463
-2.430470 -44.462
-2.430912 -44.457
-2.433680 -44.453
-2.436005 -44.449
-2.437998 -44.445
-2.442316 -44.441
-2.445638 -44.439
-2.449513 -44.436
-2.454938 -44.437
-2.460142 -44.441
-2.465124 -44.445
-2.468446 -44.449
-2.472764 -44.450
-2.476417 -44.456
-2.478410 -44.461
-2.479628 -44.467
-2.482064 -44.469
-2.485718 -44.471
-2.493135 -44.474
-2.496679 -44.477
-2.501771 -44.483
-2.508193 -44.486
-2.519043 -44.489
-2.522144 -44.494
-2.523915 -44.498
-2.530447 -44.504
-2.533990 -44.510
-2.532108 -44.516
-2.531333 -44.519
-2.527347 -44.521
-2.521258 -44.519
-2.516497 -44.519
-2.504318 -44.518
-2.498229 -44.517
-2.493911 -44.517
-2.488817 -44.514
-2.484057 -44.511
-2.480957 -44.507
-2.477192 -44.498
-2.472874 -44.499
-2.474535 -44.497
-2.467781 -44.495
-2.462578 -44.497
-2.456820 -44.500
-2.454163 -44.504
-2.451063 -44.508
-2.445084 -44.508
-2.442316 -44.506
-2.439106 -44.502
-2.435562 -44.495
-2.433016 -44.488
-2.430802 -44.479
-2.429030 -44.472
-2.432352 -44.468
-2.435673 -44.469
-2.440434 -44.471
-2.441320 -44.475
-2.444530 -44.478
-2.444752 -44.474
-2.447631 -44.473
-2.452059 -44.476
-2.455270 -44.475
-2.453499 -44.474
-2.443756 -44.468
-2.439106 -44.467
-2.430802 -44.463
-2.429584 -44.463

-2.500112 -44.524 Quarto contorno
-2.502568 -44.523
-2.505248 -44.524
-2.507704 -44.523
-2.513399 -44.523
-2.517418 -44.525
-2.520322 -44.525
-2.523783 -44.528
-2.525346 -44.534
-2.524676 -44.539
-2.524341 -44.545
-2.524565 -44.551
-2.522890 -44.560
-2.522331 -44.562
-2.524565 -44.565
-2.528807 -44.569
-2.531152 -44.573
-2.535172 -44.577
-2.538633 -44.581
-2.544328 -44.583
-2.548347 -44.584
-2.553260 -44.584
-2.557950 -44.585
-2.563533 -44.585
-2.568446 -44.588
-2.573917 -44.594
-2.578718 -44.600
-2.578160 -44.606
-2.577713 -44.613
-2.580505 -44.613
-2.583184 -44.612
-2.584413 -44.605
-2.582180 -44.598
-2.579723 -44.592
-2.575703 -44.586
-2.570232 -44.582
-2.564426 -44.579
-2.558620 -44.576
-2.550246 -44.575
-2.541313 -44.571
-2.538410 -44.569
-2.536735 -44.562
-2.536400 -44.556
-2.537517 -44.550
-2.539080 -44.547
-2.542988 -44.544
-2.547119 -44.546
-2.552255 -44.549
-2.556945 -44.552
-2.559402 -44.553
-2.550916 -44.544
-2.544551 -44.541
-2.539638 -44.542
-2.537628 -44.540
-2.539862 -44.537
-2.543993 -44.537
-2.548236 -44.538
-2.554377 -44.540
-2.559848 -44.542
-2.564873 -44.544
-2.572800 -44.546
-2.578942 -44.548
-2.584859 -44.551
-2.590889 -44.555
-2.597142 -44.558
-2.604288 -44.562
-2.610652 -44.567
-2.617128 -44.571
-2.622376 -44.573
-2.630750 -44.576
-2.638231 -44.580
-2.649285 -44.582
-2.656320 -44.583
-2.662684 -44.584
-2.668602 -44.586
-2.678651 -44.587
-2.680773 -44.589
-2.677870 -44.590
-2.676418 -44.593
-2.677200 -44.596
-2.682224 -44.601
-2.685686 -44.605
-2.689594 -44.608
-2.691603 -44.611
-2.690040 -44.613
-2.694171 -44.616
-2.697745 -44.621
-2.703439 -44.624
-2.707905 -44.625
-2.707570 -44.622
-2.705225 -44.620
-2.700536 -44.617
-2.700313 -44.615
-2.703439 -44.611
-2.706342 -44.610
-2.715498 -44.609
-2.718513 -44.611
-2.723426 -44.613
-2.729567 -44.616
-2.736936 -44.619
-2.742742 -44.622
-2.748772 -44.624
-2.755694 -44.628
-2.763064 -44.631
-2.774788 -44.635
-2.781041 -44.637
-2.789303 -44.638
-2.795779 -44.640
-2.802255 -44.640
-2.812528 -44.640
-2.817106 -44.637
-2.824587 -44.634
-2.828607 -44.633
-2.835418 -44.631
-2.841671 -44.631
-2.849933 -44.633
-2.859312 -44.637
-2.869138 -44.640
-2.876396 -44.644
-2.882313 -44.648
-2.887673 -44.652
-2.889683 -44.655
-2.895824 -44.657
-2.896829 -44.659
-2.900625 -44.664
-2.903640 -44.670
-2.907660 -44.674
-2.913578 -44.677
-2.918714 -44.678
-2.923738 -44.679
-2.928651 -44.679
-2.935797 -44.680
-2.943836 -44.681
-2.947521 -44.684
-2.949978 -44.686
-2.951318 -44.684
-2.947075 -44.678
-2.945400 -44.676
-2.948973 -44.673
-2.957124 -44.674
-2.965275 -44.674
-2.978450 -44.675
-2.984703 -44.677
-2.988946 -44.678

-2.903193 -44.630
-2.905538 -44.630
-2.909111 -44.630
-2.913913 -44.632
-2.919607 -44.638
-2.925525 -44.643
-2.930549 -44.647
-2.937361 -44.652
-2.941603 -44.654
-2.946963 -44.657
-2.949196 -44.659
-2.947298 -44.662
-2.943055 -44.663
-2.943278 -44.661
-2.942273 -44.660
-2.926418 -44.661
-2.922957 -44.662
-2.919049 -44.657
-2.911903 -44.648
-2.908776 -44.642
-2.905761 -44.636
-2.905985 -44.634
-2.903640 -44.632
-2.903193 -44.630


-2.704221 -44.498
-2.708129 -44.500
-2.711925 -44.503
-2.716838 -44.505
-2.721974 -44.506
-2.721304 -44.508
-2.725659 -44.514
-2.730348 -44.520
-2.735708 -44.525
-2.740621 -44.532
-2.743524 -44.537
-2.750335 -44.543
-2.752791 -44.548
-2.757146 -44.553
-2.762059 -44.557
-2.765744 -44.561
-2.770098 -44.566
-2.775458 -44.571
-2.784949 -44.576
-2.790308 -44.580
-2.793770 -44.584
-2.801250 -44.587
-2.802702 -44.588
-2.808508 -44.590
-2.814984 -44.593
-2.821907 -44.591
-2.829277 -44.590
-2.834971 -44.588
-2.841559 -44.587
-2.845913 -44.585
-2.852389 -44.584
-2.859870 -44.585
-2.861322 -44.586
-2.857972 -44.586
-2.866905 -44.589
-2.872376 -44.593
-2.883095 -44.591
-2.885440 -44.588
-2.888231 -44.586
-2.890800 -44.582
-2.892363 -44.575
-2.894596 -44.568
-2.895712 -44.561
-2.898169 -44.555
-2.900179 -44.548
-2.913131 -44.543
-2.921393 -44.543
-2.927870 -44.546
-2.937696 -44.552
-2.943166 -44.558
-2.948080 -44.561
-2.956007 -44.563
-2.968178 -44.557
-2.973202 -44.553
-2.976552 -44.555
-2.979567 -44.560
-2.984591 -44.569
-2.987271 -44.574
-2.997879 -44.581
-3.000223 -44.586
-3.003238 -44.588
-3.009379 -44.586
-3.019093 -44.579
-3.022666 -44.574
-3.023113 -44.569
-3.019205 -44.560
-3.009603 -44.553
-3.006588 -44.551
-3.002233 -44.547
-2.998549 -44.544
-2.994194 -44.540
-2.987718 -44.533
-2.983810 -44.527
-2.975882 -44.517
-2.970969 -44.510
-2.965051 -44.502
-2.955225 -44.486
-2.950536 -44.478
-2.947075 -44.475
-2.941492 -44.473
-2.929879 -44.474
-2.922510 -44.479
-2.914917 -44.482
-2.912349 -44.482
-2.909111 -44.479
-2.903528 -44.477
-2.895377 -44.473
-2.888566 -44.471
-2.881979 -44.471
-2.873939 -44.471
-2.867910 -44.476
-2.870701 -44.480
-2.869473 -44.482
-2.864448 -44.478
-2.860875 -44.472
-2.856967 -44.471
-2.850715 -44.470
-2.844685 -44.470
-2.836534 -44.471
-2.829053 -44.472
-2.825257 -44.474
-2.826597 -44.482
-2.826038 -44.487
-2.828830 -44.495
-2.830616 -44.500
-2.833519 -44.503
-2.830728 -44.504
-2.826932 -44.505
-2.822130 -44.491
-2.820009 -44.481
-2.818111 -44.484
-2.814761 -44.491
-2.812304 -44.500
-2.810853 -44.487
-2.813644 -44.480
-2.812081 -44.475
-2.796114 -44.475
-2.795110 -44.478
-2.793546 -44.480
-2.790531 -44.477
-2.783832 -44.475
-2.781152 -44.473
-2.771327 -44.471
-2.765297 -44.472
-2.764515 -44.473
-2.758486 -44.474
-2.752568 -44.475
-2.744194 -44.473
-2.729232 -44.474
-2.718178 -44.476
-2.713377 -44.478
-2.701988 -44.484
-2.700201 -44.493
-2.704221 -44.498


-2.891246 -44.594
-2.892809 -44.594
-2.895042 -44.589
-2.897275 -44.586
-2.899732 -44.583
-2.900625 -44.591
-2.897052 -44.596
-2.893256 -44.598
-2.891246 -44.594


-2.904422 -44.594
-2.904868 -44.596
-2.910786 -44.599
-2.917820 -44.601
-2.924297 -44.605
-2.933006 -44.608
-2.940264 -44.612
-2.945623 -44.617
-2.954890 -44.630
-2.958464 -44.638
-2.962037 -44.641
-2.969741 -44.637
-2.977334 -44.632
-2.984926 -44.622
-2.990062 -44.616
-2.994082 -44.603
-2.998214 -44.598
-2.998325 -44.592
-2.994864 -44.585
-2.986043 -44.574
-2.984256 -44.566
-2.978785 -44.561
-2.967284 -44.562
-2.962483 -44.567
-2.953104 -44.567
-2.947633 -44.565
-2.936802 -44.559
-2.929321 -44.554
-2.917597 -44.548
-2.910563 -44.550
-2.907325 -44.567
-2.907436 -44.574
-2.905761 -44.578
-2.904422 -44.589
-2.904422 -44.594


-2.732023 -44.561
-2.728450 -44.555
-2.732582 -44.555
-2.735708 -44.558
-2.733698 -44.562
-2.732023 -44.561


-2.990745 -44.673 Quinto contorno
-2.992459 -44.670
-2.994858 -44.667
-2.997144 -44.666
-3.000228 -44.663
-3.003771 -44.658
-3.006284 -44.654
-3.007198 -44.651
-3.010055 -44.648
-3.013368 -44.650
-3.016111 -44.655
-3.017482 -44.664
-3.017139 -44.669
-3.014282 -44.672
-3.009941 -44.675
-3.004456 -44.677
-3.000000 -44.677
-2.992573 -44.676
-2.990745 -44.673


-3.150708 -44.646
-3.151965 -44.645
-3.155393 -44.643
-3.159621 -44.643
-3.163734 -44.642
-3.168761 -44.645
-3.172989 -44.650
-3.175503 -44.656
-3.178702 -44.663
-3.177788 -44.668
-3.176074 -44.672
-3.167048 -44.671
-3.160763 -44.668
-3.157336 -44.666
-3.156764 -44.660
-3.152651 -44.651
-3.149337 -44.647
-3.149223 -44.645
-3.150708 -44.646

-3.000114 -44.681
-3.001942 -44.680
-3.007198 -44.680
-3.011198 -44.678
-3.015197 -44.677
-3.018281 -44.674
-3.019995 -44.672
-3.022052 -44.666
-3.022166 -44.662
-3.020910 -44.655
-3.017710 -44.649
-3.014168 -44.644
-3.013597 -44.643
-3.016111 -44.639
-3.019538 -44.630
-3.022281 -44.626
-3.025366 -44.620
-3.032450 -44.617
-3.045704 -44.614
-3.049360 -44.614
-3.056444 -44.618
-3.062500 -44.623
-3.069127 -44.629
-3.074726 -44.638
-3.082838 -44.645
-3.094493 -44.657
-3.103405 -44.665
-3.110832 -44.671
-3.120315 -44.677
-3.134141 -44.689
-3.142025 -44.698
-3.142710 -44.705
-3.141911 -44.706
-3.145795 -44.713
-3.149680 -44.719
-3.154822 -44.725
-3.172532 -44.727
-3.176074 -44.733
-3.180759 -44.750
-3.182701 -44.760
-3.186015 -44.771
-3.189557 -44.781
-3.191842 -44.787
-3.197441 -44.794
-3.202354 -44.797
-3.209552 -44.799
-3.217664 -44.798
-3.239374 -44.792
-3.246801 -44.787
-3.251942 -44.783
-3.261883 -44.779
-3.269538 -44.776
-3.275708 -44.770
-3.285192 -44.760
-3.291590 -44.759
-3.294219 -44.765
-3.294904 -44.772
-3.290334 -44.782
-3.285078 -44.787
-3.276508 -44.794
-3.266339 -44.802
-3.260169 -44.809
-3.251257 -44.819
-3.244515 -44.824
-3.240745 -44.831
-3.250914 -44.839
-3.259369 -44.835
-3.262340 -44.830
-3.267596 -44.820
-3.274794 -44.821
-3.280622 -44.827
-3.283821 -44.840
-3.283707 -44.845
-3.287134 -44.845
-3.287706 -44.848
-3.291476 -44.853
-3.296161 -44.852
-3.293533 -44.847
-3.294447 -44.837
-3.291590 -44.831
-3.287706 -44.826
-3.282793 -44.818
-3.276394 -44.812
-3.272395 -44.811
-3.278793 -44.804
-3.285420 -44.802
-3.291590 -44.800
-3.300274 -44.802
-3.315814 -44.809
-3.322898 -44.814
-3.331467 -44.816
-3.344264 -44.817
-3.347235 -44.817
-3.352262 -44.818
-3.353519 -44.811
-3.348377 -44.811
-3.337180 -44.808
-3.329867 -44.808
-3.318099 -44.802
-3.310786 -44.798
-3.300731 -44.792
-3.303131 -44.790
-3.310900 -44.781
-3.314785 -44.775
-3.318099 -44.769
-3.318670 -44.760
-3.316385 -44.746
-3.314100 -44.741
-3.307815 -44.736
-3.295704 -44.733
-3.278222 -44.731
-3.263254 -44.737
-3.261883 -44.739
-3.259712 -44.740
-3.256398 -44.744
-3.251828 -44.749
-3.240973 -44.754
-3.235718 -44.756
-3.228862 -44.760
-3.223949 -44.760
-3.216865 -44.747
-3.211609 -44.741
-3.202468 -44.724
-3.199726 -44.716
-3.195384 -44.695
-3.196869 -44.688
-3.197098 -44.685
-3.198926 -44.677
-3.198698 -44.660
-3.196755 -44.653
-3.182815 -44.639
-3.174817 -44.636
-3.159621 -44.629
-3.155279 -44.626
-3.148423 -44.623
-3.142596 -44.622
-3.133569 -44.620
-3.121458 -44.614
-3.115288 -44.610
-3.111060 -44.604
-3.107747 -44.593
-3.100320 -44.586
-3.089694 -44.575
-3.081467 -44.567
-3.075297 -44.560
-3.077582 -44.556
-3.081924 -44.560
-3.089694 -44.565
-3.095635 -44.572
-3.090722 -44.562
-3.090379 -44.561
-3.085695 -44.558
-3.078039 -44.553
-3.066385 -44.544
-3.060672 -44.538
-3.058958 -44.536
-3.053588 -44.534
-3.047760 -44.529
-3.040334 -44.520
-3.034392 -44.515
-3.028908 -44.502

-3.150708 -44.646

-3.247943 -44.828
-3.248286 -44.825
-3.249429 -44.820
-3.257084 -44.818
-3.261769 -44.818
-3.258455 -44.823
-3.257884 -44.831
-3.254228 -44.835

-3.150708 -44.646

-3.261883 -44.748
-3.263483 -44.747
-3.267596 -44.744
-3.274109 -44.740
-3.280393 -44.740
-3.282450 -44.745
-3.274909 -44.753
-3.269881 -44.757
-3.261883 -44.756

-3.025283 -44.497 Sexto contorno
-3.024821 -44.494
-3.018702 -44.488
-3.013623 -44.484
-3.007735 -44.476
-3.002771 -44.472
-2.998037 -44.467
-2.991572 -44.461
-2.987763 -44.457
-2.982452 -44.454
-2.975987 -44.449
-2.969291 -44.445
-2.963403 -44.441
-2.952782 -44.433
-2.945394 -44.428
-2.938929 -44.425
-2.931771 -44.423
-2.924613 -44.420
-2.915955 -44.416
-2.908912 -44.413
-2.901524 -44.411
-2.887670 -44.407
-2.885361 -44.408
-2.880051 -44.409
-2.873008 -44.409
-2.867236 -44.410
-2.859732 -44.411
-2.848072 -44.411
-2.842415 -44.411
-2.832256 -44.412
-2.823020 -44.412
-2.818287 -44.409
-2.810898 -44.409
-2.804895 -44.407
-2.799007 -44.407
-2.790926 -44.407
-2.782267 -44.405
-2.779035 -44.405
-2.770607 -44.404
-2.764950 -44.402
-2.758716 -44.397
-2.753983 -44.392
-2.747172 -44.385
-2.741630 -44.386
-2.731240 -44.387
-2.722581 -44.389
-2.719349 -44.391
-2.711268 -44.390
-2.702032 -44.386
-2.694412 -44.383
-2.686216 -44.381
-2.678365 -44.379
-2.670169 -44.378
-2.663126 -44.376
-2.657008 -44.372
-2.642231 -44.365
-2.636574 -44.364
-2.637382 -44.362
-2.647079 -44.361
-2.654006 -44.361
-2.660702 -44.362
-2.665089 -44.364
-2.673517 -44.366
-2.681020 -44.366
-2.681598 -44.364
-2.672593 -44.356
-2.669130 -44.355
-2.662664 -44.354
-2.659778 -44.355
-2.653775 -44.354
-2.640037 -44.352
-2.632995 -44.350
-2.629300 -44.353
-2.617178 -44.356
-2.607481 -44.354
-2.600785 -44.352
-2.594435 -44.351
-2.591434 -44.351
-2.589471 -44.353
-2.584853 -44.356
-2.578966 -44.357
-2.575964 -44.359
-2.572847 -44.362
-2.573309 -44.367
-2.566497 -44.367
-2.562688 -44.369
-2.559917 -44.373
-2.554837 -44.363
-2.550450 -44.359
-2.546756 -44.354
-2.542715 -44.352
-2.531632 -44.352
-2.527130 -44.352
-2.523436 -44.346
-2.522166 -44.343
-2.523551 -44.341
-2.524128 -44.337
-2.523320 -44.332
-2.525745 -44.335
-2.526899 -44.331
-2.524475 -44.326
-2.522628 -44.324
-2.526553 -44.318
-2.530363 -44.315
-2.533249 -44.316
-2.536597 -44.319
-2.534057 -44.314
-2.539021 -44.307
-2.541330 -44.303
-2.545255 -44.301
-2.548603 -44.296
-2.553336 -44.293
-2.558185 -44.291
-2.563957 -44.291
-2.567306 -44.288
-2.570192 -44.287
-2.562572 -44.283
-2.557262 -44.285
-2.553106 -44.288
-2.548834 -44.287
-2.543639 -44.291
-2.540637 -44.295
-2.537058 -44.299
-2.530478 -44.302
-2.522166 -44.305
-2.520780 -44.301
-2.519626 -44.300
-2.518356 -44.295
-2.517317 -44.290
-2.516163 -44.290
-2.513507 -44.293
-2.512122 -44.298
-2.511429 -44.303
-2.505195 -44.306
-2.498268 -44.307
-2.493881 -44.304
-2.495728 -44.307
-2.497691 -44.311
-2.499885 -44.316
-2.497345 -44.319
-2.492496 -44.315
-2.489148 -44.312
-2.485223 -44.306
-2.481760 -44.300
-2.479566 -44.299
-2.478181 -44.293
-2.477719 -44.286
-2.478181 -44.279
-2.479566 -44.276
-2.477950 -44.267
-2.476911 -44.262
-2.474717 -44.258
-2.476911 -44.248
-2.473678 -44.242
-2.472639 -44.235
-2.471715 -44.227
-2.471138 -44.222
-2.468021 -44.218
-2.465366 -44.212
-2.462249 -44.206
-2.460979 -44.201
-2.458093 -44.193
-2.457285 -44.185
-2.455438 -44.176
-2.454514 -44.175
-2.450935 -44.168
-2.448395 -44.163
-2.444816 -44.157
-2.440429 -44.149
-2.435465 -44.143
-2.429116 -44.138
-2.419765 -44.134
-2.417802 -44.128
-2.414569 -44.123
-2.410298 -44.115
-2.407873 -44.108
-2.404987 -44.103
-2.402909 -44.096
-2.401870 -44.092
-2.398984 -44.092
-2.397599 -44.089
-2.396444 -44.080
-2.395751 -44.073
-2.395290 -44.065
-2.396906 -44.058
-2.398291 -44.050
-2.397945 -44.043
-2.398176 -44.038
-2.400023 -44.034
-2.397599 -44.025
-2.397368 -44.022
-2.413184 -44.027
-2.421034 -44.027
-2.428308 -44.026
-2.434888 -44.023
-2.444470 -44.027
-2.440083 -44.031
-2.433041 -44.037
-2.432348 -44.039
-2.440198 -44.037
-2.440891 -44.042
-2.429577 -44.047
-2.427269 -44.051
-2.433156 -44.049
-2.438698 -44.058
-2.436043 -44.064
-2.431655 -44.067
-2.436735 -44.068
-2.443778 -44.072
-2.438236 -44.073
-2.442392 -44.080
-2.445394 -44.089
-2.446317 -44.093
-2.450473 -44.099
-2.454860 -44.104
-2.459478 -44.106
-2.457516 -44.100
-2.455668 -44.094
-2.451974 -44.081
-2.450820 -44.076
-2.451397 -44.069
-2.456592 -44.063
-2.458670 -44.070
-2.457516 -44.078
-2.462711 -44.073
-2.468368 -44.070
-2.479335 -44.066
-2.491688 -44.065
-2.500693 -44.069
-2.506003 -44.072
-2.510275 -44.066
-2.514085 -44.066
-2.513623 -44.064
-2.501963 -44.059
-2.485569 -44.056
-2.478873 -44.057
-2.466405 -44.054
-2.468598 -44.052
-2.469637 -44.049
-2.482106 -44.041
-2.488225 -44.037
-2.496075 -44.033
-2.508197 -44.026
-2.514315 -44.029
-2.519972 -44.033
-2.528862 -44.035
-2.531517 -44.039
-2.543408 -44.040
-2.549989 -44.041
-2.554837 -44.045
-2.551951 -44.051
-2.553336 -44.056
-2.558647 -44.059
-2.559109 -44.062
-2.556800 -44.070
-2.557954 -44.077
-2.559455 -44.084
-2.564419 -44.087
-2.568229 -44.088
-2.569268 -44.091
-2.569499 -44.095
-2.570307 -44.100
-2.573771 -44.099
-2.582314 -44.098
-2.588201 -44.101
-2.587624 -44.108
-2.591896 -44.122
-2.593858 -44.127
-2.598361 -44.134
-2.602632 -44.126
-2.598822 -44.121
-2.597206 -44.112
-2.599861 -44.109
-2.613138 -44.110
-2.617756 -44.112
-2.629993 -44.115
-2.635419 -44.119
-2.644655 -44.126
-2.649734 -44.131
-2.656315 -44.136
-2.662780 -44.140
-2.674902 -44.140
-2.683330 -44.147
-2.683445 -44.152
-2.686793 -44.161
-2.691873 -44.164
-2.698453 -44.174
-2.700646 -44.180
-2.702840 -44.191
-2.700646 -44.198
-2.691411 -44.206
-2.683330 -44.208
-2.676056 -44.211
-2.674902 -44.219
-2.682406 -44.217
-2.689448 -44.215
-2.697760 -44.212
-2.703648 -44.210
-2.711960 -44.208
-2.715770 -44.211
-2.719811 -44.221
-2.721312 -44.230
-2.725352 -44.244
-2.729046 -44.254
-2.733664 -44.265
-2.741399 -44.275
-2.749596 -44.283
-2.753867 -44.283
-2.756638 -44.290
-2.763219 -44.299
-2.768067 -44.310
-2.772339 -44.319
-2.773955 -44.330
-2.781921 -44.339
-2.794389 -44.342
-2.802124 -44.344
-2.812745 -44.343
-2.817132 -44.338
-2.806165 -44.336
-2.790233 -44.333
-2.783191 -44.329
-2.783768 -44.321
-2.786770 -44.309
-2.788502 -44.306
-2.786308 -44.301
-2.782498 -44.292
-2.790464 -44.286
-2.800854 -44.291
-2.809051 -44.297
-2.814362 -44.290
-2.812399 -44.287
-2.800277 -44.279
-2.792311 -44.279
-2.779497 -44.269
-2.775918 -44.259
-2.782845 -44.258
-2.792196 -44.251
-2.794158 -44.240
-2.785962 -44.239
-2.777303 -44.238
-2.771762 -44.227
-2.768529 -44.218
-2.766105 -44.206
-2.763911 -44.189
-2.765181 -44.185
-2.770261 -44.185
-2.775456 -44.187
-2.794274 -44.186
-2.800046 -44.185
-2.813669 -44.183
-2.821058 -44.183
-2.824059 -44.171
-2.818980 -44.170
-2.803394 -44.166
-2.791503 -44.163
-2.787001 -44.151
-2.780882 -44.141
-2.762180 -44.131
-2.750173 -44.120
-2.749827 -44.114
-2.751328 -44.101
-2.752251 -44.094
-2.755945 -44.091
-2.761372 -44.093
-2.770954 -44.087
-2.766798 -44.082
-2.753175 -44.076
-2.742900 -44.075
-2.732394 -44.072
-2.724313 -44.070
-2.717617 -44.067
-2.711383 -44.061
-2.697876 -44.055
-2.685638 -44.047
-2.677095 -44.040
-2.661395 -44.032
-2.653198 -44.026
-2.646617 -44.018
-2.639806 -44.007
-2.641076 -44.005

0.000000   0.000

-2.385477 -44.000
-2.386400 -43.998
-2.389864 -43.997
-2.396098 -43.998
-2.396329 -44.004
-2.395290 -44.011
-2.397368 -44.015
-2.400716 -44.018
-2.396213 -44.019
-2.393789 -44.016
-2.392173 -44.013
-2.387901 -44.008
-2.385361 -44.000

-2.635965 -43.998 Decimo contorno
-2.634166 -43.993
-2.631354 -43.985
-2.626968 -43.978
-2.624044 -43.971
-2.623594 -43.964
-2.623932 -43.960
-2.620783 -43.956
-2.618871 -43.953
-2.614485 -43.951
-2.609199 -43.951
-2.604589 -43.952
-2.597728 -43.949
-2.593230 -43.945
-2.587719 -43.943
-2.582771 -43.938
-2.577035 -43.933
-2.570625 -43.932
-2.564665 -43.930
-2.557917 -43.929
-2.553531 -43.926
-2.549595 -43.919
-2.550158 -43.911
-2.551844 -43.910
-2.554768 -43.906
-2.557355 -43.902
-2.561741 -43.896
-2.565565 -43.892
-2.573212 -43.895
-2.578722 -43.897
-2.583333 -43.896
-2.580522 -43.891
-2.573212 -43.886
-2.562753 -43.884
-2.557580 -43.887
-2.547683 -43.890
-2.538574 -43.892
-2.530589 -43.893
-2.524741 -43.889
-2.531264 -43.887
-2.538237 -43.887
-2.543522 -43.883
-2.548583 -43.877
-2.552069 -43.874
-2.548021 -43.875
-2.540711 -43.879
-2.525079 -43.881
-2.517544 -43.877
-2.515744 -43.872
-2.518219 -43.865
-2.524516 -43.865
-2.526878 -43.854
-2.522492 -43.850
-2.515632 -43.848
-2.516982 -43.847
-2.514170 -43.848
-2.508322 -43.847
-2.501349 -43.846
-2.488417 -43.846
-2.481669 -43.845
-2.474471 -43.845
-2.469073 -43.844
-2.462438 -43.844
-2.453441 -43.842
-2.446469 -43.839
-2.446806 -43.835
-2.439496 -43.830
-2.433648 -43.829
-2.427913 -43.831
-2.424876 -43.832
-2.421840 -43.831
-2.423302 -43.835
-2.422515 -43.840
-2.420490 -43.842
-2.415430 -43.837
-2.407557 -43.829
-2.404071 -43.823
-2.397211 -43.818
-2.389676 -43.812
-2.381354 -43.808
-2.375169 -43.806
-2.371008 -43.804
-2.373819 -43.803
-2.378542 -43.805
-2.382029 -43.805
-2.387089 -43.800
-2.387202 -43.798
-2.384728 -43.795
-2.381466 -43.794
-2.388664 -43.794
-2.393612 -43.797
-2.396536 -43.800
-2.399798 -43.801
-2.399573 -43.806
-2.400922 -43.807
-2.404971 -43.804
-2.409132 -43.802
-2.414530 -43.803
-2.418691 -43.805
-2.423977 -43.810
-2.426001 -43.816
-2.426113 -43.821
-2.428138 -43.825
-2.429487 -43.821
-2.429037 -43.816
-2.430499 -43.812
-2.436235 -43.813
-2.441745 -43.814
-2.447593 -43.816
-2.452879 -43.821
-2.463450 -43.827
-2.471098 -43.827
-2.477958 -43.827
-2.484368 -43.827
-2.495727 -43.831
-2.502587 -43.832
-2.507872 -43.829
-2.510234 -43.825
-2.508097 -43.824
-2.503374 -43.821
-2.497751 -43.818
-2.492240 -43.814
-2.480994 -43.809
-2.473572 -43.808
-2.466487 -43.806
-2.458390 -43.807
-2.451417 -43.804
-2.444782 -43.802
-2.437697 -43.800
-2.429037 -43.787
-2.423864 -43.777
-2.417679 -43.767
-2.416667 -43.764
-2.419253 -43.763
-2.417229 -43.759
-2.411381 -43.758
-2.404633 -43.758
-2.398673 -43.752
-2.390013 -43.745
-2.382928 -43.743
-2.377755 -43.739
-2.372357 -43.734
-2.364372 -43.734
-2.351102 -43.733
-2.353239 -43.730
-2.347166 -43.728
-2.345029 -43.722
-2.347503 -43.714
-2.349415 -43.706
-2.351327 -43.698
-2.351439 -43.689
-2.351102 -43.685
-2.348291 -43.675
-2.345929 -43.673
-2.338394 -43.672
-2.331422 -43.673
-2.326586 -43.675
-2.321300 -43.674
-2.318938 -43.666
-2.310054 -43.648
-2.304318 -43.635
-2.302744 -43.626
-2.301507 -43.622
-2.297796 -43.619
-2.310279 -43.621
-2.316802 -43.623
-2.325124 -43.624
-2.334908 -43.627
-2.351777 -43.627
-2.363248 -43.631
-2.370783 -43.634
-2.379892 -43.637
-2.387652 -43.641
-2.395299 -43.646
-2.396761 -43.653
-2.397548 -43.662
-2.395524 -43.671
-2.397773 -43.675
-2.405983 -43.688
-2.410594 -43.694
-2.417341 -43.695
-2.419816 -43.703
-2.421727 -43.718
-2.422740 -43.727
-2.422627 -43.732
-2.424427 -43.726
-2.424651 -43.735
-2.427688 -43.742
-2.433086 -43.745
-2.446356 -43.750
-2.453329 -43.754
-2.459627 -43.761
-2.464800 -43.769
-2.466374 -43.776
-2.467949 -43.783
-2.469186 -43.788
-2.480207 -43.787
-2.483468 -43.777
-2.478745 -43.777
-2.486954 -43.770
-2.496176 -43.771
-2.504948 -43.777
-2.517769 -43.785
-2.529127 -43.793
-2.541161 -43.792
-2.545322 -43.799
-2.544085 -43.811
-2.549258 -43.812
-2.551620 -43.810
-2.554881 -43.797
-2.550720 -43.788
-2.543860 -43.785
-2.536437 -43.782
-2.529577 -43.781
-2.518556 -43.775
-2.514957 -43.767
-2.508435 -43.761
-2.503936 -43.756
-2.493365 -43.754
-2.489879 -43.748
-2.480094 -43.734
-2.473909 -43.727
-2.470985 -43.712
-2.477283 -43.711
-2.482344 -43.705
-2.478520 -43.695
-2.481107 -43.694
-2.488417 -43.697
-2.496851 -43.701
-2.508435 -43.700
-2.516982 -43.697
-2.519456 -43.685
-2.513383 -43.679
-2.504386 -43.674
-2.484705 -43.662
-2.477283 -43.658
-2.481107 -43.647
-2.488754 -43.644
-2.483356 -43.640
-2.491565 -43.633
-2.499325 -43.630
-2.512371 -43.620
-2.522042 -43.620
-2.524516 -43.619
-2.527328 -43.619
-2.523729 -43.607
-2.511921 -43.605
-2.510346 -43.605
-2.505398 -43.605
-2.501125 -43.589
-2.507535 -43.592
-2.506748 -43.584
-2.500562 -43.582
-2.508097 -43.576
-2.505960 -43.576
-2.492240 -43.572
-2.485268 -43.570
-2.477283 -43.560
-2.467724 -43.550
-2.462326 -43.546
-2.450855 -43.548
-2.437022 -43.550
-2.425551 -43.545
-2.415654 -43.536
-2.411268 -43.518
-2.410256 -43.512
-2.412506 -43.508
-2.418578 -43.504
-2.429825 -43.507
-2.451304 -43.510
-2.463675 -43.510
-2.464912 -43.501
-2.471885 -43.497

-2.409694 -43.864
-2.411268 -43.861
-2.413743 -43.859
-2.418466 -43.857
-2.424314 -43.855
-2.431736 -43.853
-2.433536 -43.858
-2.435897 -43.861
-2.428363 -43.864
-2.423189 -43.866
-2.420041 -43.868
-2.414418 -43.865
-2.409694 -43.865
-2.409694 -43.864


-2.467836 -43.813
-2.470310 -43.812
-2.476046 -43.810
-2.480994 -43.810
-2.485268 -43.812
-2.485155 -43.815
-2.479645 -43.815
-2.470423 -43.816
-2.466937 -43.814
-2.467836 -43.813


-2.244939 -43.569
-2.246851 -43.568
-2.250787 -43.565
-2.255735 -43.562
-2.260121 -43.562
-2.266644 -43.561
-2.271592 -43.559
-2.276541 -43.556
-2.291161 -43.562
-2.298808 -43.570
-2.303981 -43.579
-2.308592 -43.590
-2.317364 -43.600
-2.318151 -43.608
-2.308367 -43.612
-2.304656 -43.612
-2.304206 -43.604
-2.299483 -43.604
-2.291610 -43.601
-2.290036 -43.595
-2.292735 -43.584
-2.292398 -43.577
-2.283626 -43.570
-2.276203 -43.572
-2.263833 -43.574
-2.254611 -43.575
-2.244489 -43.570
-2.244939 -43.569


-2.224022 -43.601
-2.226721 -43.602
-2.233356 -43.604
-2.243365 -43.603
-2.247189 -43.599
-2.250900 -43.596
-2.259897 -43.595
-2.264170 -43.596
-2.265520 -43.605
-2.264732 -43.609
-2.270805 -43.617
-2.271592 -43.625
-2.271255 -43.633
-2.270243 -43.638
-2.276203 -43.643
-2.280364 -43.649
-2.288237 -43.656
-2.298358 -43.664
-2.304318 -43.671
-2.316464 -43.676
-2.320963 -43.679
-2.333108 -43.678
-2.338844 -43.676
-2.341880 -43.685
-2.342218 -43.693
-2.338169 -43.708
-2.335020 -43.715
-2.335582 -43.714
-2.336932 -43.719
-2.336595 -43.726
-2.341543 -43.733
-2.337157 -43.734
-2.325911 -43.724
-2.317027 -43.720
-2.310841 -43.719
-2.303644 -43.719
-2.295884 -43.719
-2.284525 -43.718
-2.276541 -43.708
-2.267994 -43.690
-2.263608 -43.676
-2.257310 -43.662
-2.254836 -43.649
-2.249100 -43.632
-2.242015 -43.626
-2.230994 -43.621
-2.220198 -43.615
-2.219523 -43.610
-2.224022 -43.601


-2.280139 -43.639
-2.276878 -43.636
-2.280027 -43.634
-2.289024 -43.639
-2.293410 -43.647
-2.296671 -43.653
-2.290036 -43.650
-2.281039 -43.641
-2.280139 -43.639


-2.276991 -43.629
-2.276766 -43.625
-2.278902 -43.622
-2.281714 -43.619
-2.283401 -43.614
-2.286775 -43.615
-2.290373 -43.622
-2.294872 -43.628
-2.298920 -43.641
-2.296671 -43.644
-2.289699 -43.634
-2.284525 -43.632
-2.276766 -43.631
-2.276991 -43.629


-2.266082 -43.578
-2.268556 -43.579
-2.273842 -43.580
-2.283851 -43.579
-2.287337 -43.583
-2.288461 -43.596
-2.285425 -43.601
-2.281939 -43.608
-2.275641 -43.607
-2.270018 -43.596
-2.270130 -43.591
-2.270018 -43.586
-2.266082 -43.578


-2.239429 -43.593
-2.237742 -43.589
-2.237404 -43.583
-2.243815 -43.583
-2.243927 -43.589
-2.239541 -43.593
-2.239429 -43.593


-2.257085 -43.590
-2.257647 -43.587
-2.260909 -43.585
-2.265520 -43.587
-2.262933 -43.590
-2.258772 -43.592
-2.257085 -43.590


-2.342330 -43.516
-2.344354 -43.516
-2.349977 -43.514
-2.359987 -43.508
-2.365947 -43.504
-2.379667 -43.501
-2.385178 -43.502
-2.393950 -43.502
-2.398785 -43.509
-2.399460 -43.518
-2.401822 -43.533
-2.397998 -43.535
-2.383266 -43.529
-2.375394 -43.528
-2.358299 -43.524
-2.347054 -43.521
-2.342330 -43.516


-2.410594 -43.606
-2.411606 -43.601
-2.413630 -43.596
-2.417004 -43.592
-2.428813 -43.591
-2.435560 -43.591
-2.440733 -43.597
-2.448718 -43.601
-2.439271 -43.604
-2.430387 -43.610
-2.421615 -43.612
-2.412168 -43.609
-2.410594 -43.606


-2.468071 -43.500 Decimo primeiro contorno
-2.467844 -43.495
-2.470788 -43.491
-2.476902 -43.487
-2.485960 -43.483
-2.490829 -43.478
-2.497056 -43.475
-2.494678 -43.473
-2.491961 -43.473
-2.495018 -43.467
-2.499094 -43.462
-2.500113 -43.454
-2.499434 -43.450
-2.493433 -43.452
-2.480525 -43.456
-2.471354 -43.457
-2.462070 -43.455
-2.453578 -43.457
-2.443161 -43.460
-2.436255 -43.462
-2.424139 -43.465
-2.411685 -43.468
-2.401834 -43.473
-2.388361 -43.479
-2.375906 -43.482
-2.368773 -43.480
-2.358696 -43.474
-2.348619 -43.463
-2.336277 -43.448
-2.332428 -43.434
-2.330163 -43.422
-2.330050 -43.413
-2.328578 -43.391
-2.325521 -43.385
-2.328465 -43.381
-2.331748 -43.382
-2.337523 -43.382
-2.335258 -43.379
-2.335598 -43.373
-2.338202 -43.360
-2.340806 -43.347
-2.341146 -43.334
-2.337183 -43.328
-2.340580 -43.312
-2.342505 -43.296
-2.354053 -43.262
-2.356431 -43.246
-2.361300 -43.229
-2.368659 -43.210
-2.377944 -43.193
-2.382812 -43.176
-2.390851 -43.161
-2.398438 -43.144
-2.405118 -43.127
-2.412817 -43.111
-2.418139 -43.094
-2.426517 -43.079
-2.435688 -43.061
-2.441463 -43.043
-2.448030 -43.029
-2.453804 -43.015
-2.457428 -43.005
-2.450000 -43.000

-2.454710 -43.476
-2.457541 -43.472
-2.465580 -43.468
-2.473845 -43.465
-2.476902 -43.467
-2.471128 -43.472
-2.462183 -43.476

-1.389 -45.684
-1.362 -45.770
-1.351 -45.823
-1.280 -46.021
-1.280 -46.096
-1.247 -46.128
-1.219 -46.208
-1.187 -46.363
-1.083 -46.502
-1.066 -46.561
-1.001 -46.695
-0.984 -46.796
-0.995 -46.829
-0.984 -46.946
-0.973 -46.994
-0.957 -47.010
-0.913 -47.026
-0.859 -47.101
-0.853 -47.123
-0.886 -47.240
-0.859 -47.422
-0.837 -47.508
-0.826 -47.577
-0.837 -47.609
-0.831 -47.673
-0.815 -47.700
-0.831 -47.711
-0.880 -47.914
-0.880 -47.946
-0.891 -48.032
-0.886 -48.106
-0.902 -48.112
-0.941 -48.187
-0.952 -48.240
-1.028 -48.390
-1.072 -48.433
-1.066 -48.465
-1.110 -48.491
-1.203 -48.561
-1.225 -48.604
-1.301 -48.652
-1.318 -48.678
-1.351 -48.700
-1.498 -48.828
-1.553 -48.844
-1.597 -48.871
-1.755 -48.887
-1.777 -48.866
-1.843 -48.850
-1.859 -48.855
-1.886 -48.930
-1.919 -48.967
-1.957 -49.074
-2.018 -49.160
-2.045 -49.197
-2.198 -49.256
-2.433 -49.432
-2.455 -49.454
-2.438 -49.470
-2.406 -49.480
-2.335 -49.454
-2.291 -49.422
-2.192 -49.411
-2.094 -49.379
-2.034 -49.368
-2.012 -49.357
-1.979 -49.352
-1.957 -49.363
-1.919 -49.400
-1.936 -49.464
-1.963 -49.534
-1.985 -49.571
-2.029 -49.657
-2.056 -49.705
-2.072 -49.769
-2.072 -49.849
-2.171 -50.470
-2.160 -50.716
-2.149 -50.774
-2.160 -50.812
-2.154 -50.913
-2.160 -50.978
-2.138 -51.058
-2.160 -51.079
-2.160 -51.133
-2.143 -51.149
-2.105 -51.261
-2.034 -51.379
-2.018 -51.379
-1.990 -51.357
-1.919 -51.240
-1.903 -51.234
-1.848 -51.090
-1.821 -51.015
-1.843 -50.769
-1.832 -50.700
-1.815 -50.577
-1.815 -50.502
-1.832 -50.459
-1.848 -50.186
-1.826 -50.053
-1.810 -50.015
-1.783 -49.999
-1.761 -49.924
-1.750 -49.668
-1.733 -49.555
-1.755 -49.384
-1.722 -49.320
-1.706 -49.315
-1.684 -49.235
-1.640 -49.144
-1.602 -49.053
-1.580 -49.031
-1.362 -48.946
-1.307 -48.908
-1.280 -48.887
-1.225 -48.834
-1.187 -48.769
-1.099 -48.721
-1.061 -48.695
-1.028 -48.700
-0.962 -48.678
-0.935 -48.689
-0.809 -48.673
-0.787 -48.668
-0.711 -48.662
-0.684 -48.636
-0.645 -48.641
-0.552 -48.604
-0.476 -48.609
-0.399 -48.588
-0.421 -48.598
-0.361 -48.588
-0.339 -48.588
-0.334 -48.678
-0.306 -48.812
-0.301 -48.892
-0.290 -48.924
-0.301 -48.967
-0.284 -49.074
-0.306 -49.176
-0.355 -49.251
-0.416 -49.299
-0.405 -49.406
-0.416 -49.432
-0.405 -49.502
-0.394 -49.716
-0.388 -49.764
-0.388 -49.849
-0.405 -49.844
-0.394 -49.898
-0.416 -50.063
-0.399 -50.090
-0.366 -50.357
-0.383 -50.427
-0.405 -50.464
-0.454 -50.593
-0.481 -50.657
-0.514 -50.683
-0.520 -50.710
-0.569 -50.753
-0.602 -50.758
-0.634 -50.796
-0.727 -50.785
-0.716 -50.769
-0.837 -50.785
-0.984 -50.849
-1.214 -50.881
-1.269 -50.903
-1.214 -50.994
-1.181 -51.010
-1.137 -51.026
-1.110 -51.015
-1.061 -51.026
-1.039 -51.031
-0.984 -51.063
-1.001 -51.074
-0.930 -51.106
-0.897 -51.138
-0.870 -51.143
-0.880 -51.186
-0.902 -51.240
-1.006 -51.288
-1.034 -51.304
-1.116 -51.320
-1.198 -51.362
-1.307 -51.411
-1.389 -51.459
-1.405 -51.469
-1.422 -51.507
-1.487 -51.550
-1.504 -51.566
-1.553 -51.624
-1.569 -51.817
-1.586 -51.956
-1.569 -52.154
-1.553 -52.245
-1.526 -52.330
-1.504 -52.287
-1.465 -52.261
-1.444 -52.271
-1.427 -52.245
-1.367 -52.132
-1.323 -52.127
-1.301 -52.090
-1.263 -52.058
-1.181 -52.031
-1.110 -51.967
-1.066 -51.956
-0.984 -51.945
-0.930 -51.956
-0.880 -51.993
-0.837 -52.031
-0.787 -52.042
-0.755 -52.025
-0.667 -52.004
-0.645 -51.983
-0.492 -51.870
-0.438 -51.865
-0.372 -51.838
-0.252 -51.774
-0.153 -51.726
-0.126 -51.694
-0.077 -51.619
-0.104 -51.496
-0.088 -51.437
-0.055 -51.405
-0.044 -51.357
0.027 -51.261
0.027 -51.240
0.038 -51.186
0.049 -51.117
0.137 -50.988
0.159 -50.967
0.164 -50.945
0.230 -50.849
0.213 -50.844
0.246 -50.844
0.279 -50.812
0.301 -50.812
0.301 -50.796
0.355 -50.774
0.383 -50.753
0.366 -50.753
0.421 -50.721
0.470 -50.683
0.536 -50.431
0.553 -50.404
0.542 -50.350
0.586 -50.076
0.608 -50.049
0.614 -50.028
0.647 -49.979
0.669 -49.947
0.730 -49.931
0.774 -49.969
0.780 -49.996
0.807 -50.012
0.824 -50.022
0.901 -50.055
1.062 -50.044
1.161 -49.990
1.194 -49.958
1.233 -49.942
1.321 -49.931
1.454 -49.990
1.515 -50.012
1.537 -50.033
1.581 -50.087
1.609 -50.135
1.592 -50.307
1.576 -50.345
1.526 -50.452
1.554 -50.543
1.576 -50.554
1.620 -50.608
1.642 -50.608
1.697 -50.565
1.719 -50.511
1.747 -50.500
1.786 -50.436
1.808 -50.447
1.880 -50.404
1.940 -50.339
1.996 -50.318
2.018 -50.334
2.068 -50.355
2.106 -50.388
2.134 -50.441
2.150 -50.463
2.211 -50.522
2.217 -50.554
2.195 -50.602
2.106 -50.645
2.068 -50.613
2.034 -50.592
1.968 -50.581
1.924 -50.581
1.946 -50.581
1.852 -50.581
1.830 -50.602
1.813 -50.624
1.824 -50.678
1.797 -50.704
1.830 -50.731
1.858 -50.763
2.056 -50.828
2.079 -50.823
2.112 -50.833
2.200 -50.833
2.272 -50.855
2.366 -50.865
2.543 -50.919
2.576 -50.951
2.592 -50.951
2.648 -50.973
2.664 -51.000
2.725 -51.010
2.935 -51.134
3.045 -51.236
3.100 -51.295
3.189 -51.327
3.227 -51.338
3.244 -51.360
3.294 -51.354
3.360 -51.386
3.382 -51.381
3.492 -51.397
3.823 -51.467
3.873 -51.478
4.000 -51.531
4.077 -51.564
4.132 -51.580
4.160 -51.601
4.204 -51.671
4.237 -51.762
4.303 -51.870
4.314 -51.907
4.342 -51.945
4.369 -51.966
4.419 -52.036
4.441 -52.090
4.491 -52.203
4.518 -52.219
4.546 -52.272
4.728 -52.493
4.750 -52.536
4.783 -52.579
4.888 -52.675
4.965 -52.724
5.163 -52.901
5.201 -52.944
5.235 -52.997
5.400 -53.309
5.449 -53.432
5.499 -53.551
5.504 -53.610
5.526 -53.615
5.521 -53.653
5.537 -53.690
5.548 -53.771
5.554 -53.803
5.603 -53.894
5.587 -53.894
5.598 -54.023
5.636 -54.270
5.669 -54.340
5.691 -54.447
5.730 -54.576
5.801 -54.727
5.818 -54.721
5.834 -54.920
5.829 -54.957
5.796 -55.054
5.785 -55.140
5.790 -55.221
5.801 -55.247
5.796 -55.285
5.785 -55.333
5.801 -55.371
5.823 -55.484
5.867 -55.629
5.862 -55.650
5.873 -55.715
5.851 -55.785
5.856 -55.908
5.845 -55.935
5.834 -56.375
5.823 -56.601
5.834 -56.714
5.878 -56.966
5.900 -56.971
5.900 -57.052
5.933 -57.084
5.944 -57.122
5.944 -57.165
5.961 -57.208
5.988 -57.240
6.021 -57.304
6.076 -57.342
6.093 -57.390
6.225 -57.583
6.269 -57.659
6.313 -57.718
6.302 -57.734
6.346 -57.777
6.384 -57.852
6.439 -57.906
6.450 -57.949
6.489 -57.992
6.511 -58.035
6.565 -58.072
6.571 -58.099
6.648 -58.212
6.708 -58.319
6.752 -58.416
6.807 -58.529
6.840 -58.625
6.851 -58.647
6.933 -58.808
7.060 -58.894
7.043 -58.894
7.109 -58.926
7.153 -58.953
7.186 -58.958
7.202 -58.974
7.334 -59.050
7.383 -59.055
7.416 -59.092
7.465 -59.125
7.476 -59.157
7.597 -59.313
7.635 -59.334
7.668 -59.377
7.685 -59.409
7.707 -59.420
7.734 -59.447
7.800 -59.506
7.827 -59.549
8.161 -59.828
8.309 -60.000
8.386 -60.048
8.435 -60.081
8.484 -60.140
8.511 -60.209
8.500 -60.231
8.544 -60.462
8.522 -60.634
8.511 -60.698
8.511 -60.773
8.495 -60.811
8.506 -60.848
8.495 -60.875
8.500 -60.902
8.500 -61.187
8.506 -61.267
8.495 -61.316
8.517 -61.343
8.533 -61.359
8.517 -61.407
8.500 -61.439
8.451 -61.573
8.479 -61.606
8.506 -61.584
8.555 -61.514
8.719 -61.343
8.785 -61.273
8.801 -61.246
8.845 -61.240
8.905 -61.160
8.976 -61.138
8.998 -61.128
9.091 -61.128
9.129 -61.122
9.222 -61.122
9.249 -61.128
9.243 -61.144
9.265 -61.165
9.260 -61.192
9.276 -61.208
9.271 -61.224
9.287 -61.246
9.287 -61.273
9.353 -61.364
9.369 -61.369
9.407 -61.450
9.418 -61.461
9.440 -61.498
9.489 -61.525
9.511 -61.590
9.598 -61.767
9.658 -62.041
9.696 -62.261
9.729 -62.379
9.745 -62.384
9.756 -62.406
9.740 -62.406
9.751 -62.433
9.761 -62.422
9.772 -62.443
9.800 -62.465
9.810 -62.492
9.789 -62.529
9.745 -62.567
9.685 -62.669
9.669 -62.712
9.712 -62.755
9.734 -62.798
9.783 -62.857
9.821 -62.878
9.865 -62.889
9.941 -62.991
10.056 -62.991
10.072 -62.980
10.126 -62.964
10.175 -62.943
10.290 -62.911
10.311 -62.889
10.371 -62.755
10.420 -62.551
10.453 -62.513
10.589 -62.266
10.605 -62.298
10.572 -62.438
10.551 -62.508
10.529 -62.578
10.529 -62.615
10.507 -62.653
10.513 -62.685
10.480 -62.750
10.469 -62.862
10.480 -62.884
10.458 -62.937
10.431 -63.050
10.398 -63.142
10.388 -63.195
10.409 -63.265
10.420 -63.431
10.431 -63.512
10.447 -63.679
10.458 -63.775
10.447 -63.802
10.458 -63.866
10.453 -63.893
10.480 -63.985
10.458 -64.140
10.393 -64.328
10.409 -64.516
10.426 -64.538
10.415 -64.602
10.404 -64.651
10.388 -64.710
10.344 -64.726
10.328 -64.672
10.290 -64.608
10.262 -64.532
10.241 -64.495
10.230 -64.452
10.154 -64.522
10.148 -64.608
10.083 -64.795
10.066 -64.838
10.028 -64.951
10.007 -65.005
10.012 -65.037
9.968 -65.214
9.968 -65.381
9.952 -65.542
9.963 -65.612
9.974 -65.708
9.974 -65.827
9.990 -65.859
10.001 -65.934
10.028 -65.955
10.045 -66.015
10.105 -66.106
10.219 -66.235
10.246 -66.267
10.290 -66.294
10.344 -66.374
10.415 -66.492
10.431 -66.616
10.458 -66.654
10.475 -66.713
10.458 -66.750
10.485 -66.788
10.496 -66.863
10.513 -66.927
10.556 -67.089
10.545 -67.115
10.545 -67.169
10.545 -67.217
10.523 -67.427
10.507 -67.470
10.496 -67.550
10.523 -67.604
10.540 -67.609
10.589 -67.733
10.605 -67.749
10.627 -67.771
10.708 -68.023
10.844 -68.211
10.882 -68.313
10.898 -68.329
10.925 -68.420
10.969 -68.565
10.996 -68.667
11.083 -68.796
11.115 -68.850
11.191 -69.151
11.262 -69.323
11.256 -69.376
11.278 -69.532
11.305 -69.655
11.322 -69.672
11.354 -69.725
11.473 -69.822
11.620 -69.881
11.641 -69.919
11.657 -69.924


-0.722 -51.459
-0.705 -51.469
-0.695 -51.496
-0.678 -51.534
-0.689 -51.560
-0.684 -51.614
-0.705 -51.662
-0.695 -51.710
-0.716 -51.742
-0.727 -51.790
-0.777 -51.860
-0.820 -51.876
-0.853 -51.897
-0.902 -51.897
-0.962 -51.945
-1.044 -51.983
-1.116 -52.009
-1.219 -52.052
-1.329 -52.090
-1.345 -52.100
-1.389 -52.090
-1.498 -52.015
-1.460 -51.806
-1.422 -51.753
-1.252 -51.635
-1.214 -51.624
-1.055 -51.560
-0.995 -51.555
-0.886 -51.534
-0.864 -51.518
-0.815 -51.502
-0.738 -51.485

-0.257 -49.582
-0.246 -49.641
-0.219 -49.673
-0.219 -49.694
-0.170 -49.726
-0.148 -49.764
-0.098 -49.823
-0.038 -49.956
-0.027 -49.999
-0.016 -50.026
-0.016 -50.058
0.060 -50.122
0.088 -50.176
0.170 -50.229
0.180 -50.245
0.263 -50.250
0.312 -50.293
0.306 -50.395
0.295 -50.416
0.312 -50.432
0.312 -50.475
0.339 -50.518
0.328 -50.577
0.191 -50.705
0.191 -50.721
0.142 -50.774
0.120 -50.790
0.038 -50.876
-0.016 -50.903
-0.077 -50.935
-0.219 -51.015
-0.301 -51.068
-0.334 -51.074
-0.323 -51.084
-0.394 -51.117
-0.448 -51.191
-0.476 -51.207
-0.498 -51.256
-0.569 -51.272
-0.602 -51.266
-0.634 -51.186
-0.623 -51.159
-0.645 -51.159
-0.645 -51.106
-0.536 -50.929
-0.514 -50.897
-0.470 -50.860
-0.443 -50.865
-0.416 -50.844
-0.372 -50.823
-0.328 -50.817
-0.284 -50.780
-0.186 -50.700
-0.148 -50.667
-0.153 -50.630
-0.142 -50.614
-0.142 -50.528
-0.164 -50.459
-0.208 -50.373
-0.213 -50.304
-0.252 -50.159
-0.180 -50.010
-0.180 -49.962
-0.224 -49.876
-0.246 -49.865
-0.273 -49.759
-0.257 -49.710
-0.219 -49.652

-0.339 -51.293
-0.257 -51.320
-0.273 -51.384
-0.290 -51.416
-0.279 -51.448
-0.306 -51.491
-0.306 -51.528
-0.323 -51.534
-0.334 -51.587
-0.366 -51.592
-0.377 -51.603
-0.421 -51.592
-0.443 -51.571
-0.443 -51.480
-0.459 -51.469
-0.443 -51.416
-0.459 -51.411
-0.443 -51.389
-0.454 -51.368
-0.454 -51.341
-0.427 -51.288
-0.394 -51.293

