-2.378779 -44.401604
-2.378406 -44.399845
-2.378232 -44.399899
-2.378273 -44.400070
-2.377649 -44.400173
-2.377535 -44.399685
-2.378170 -44.399555
-2.378233 -44.399899
-2.378406 -44.399845
-2.378245 -44.398979
-2.378540 -44.398907
-2.378655 -44.399452
-2.379442 -44.399300
-2.378650 -44.399448
-2.378541 -44.398911
-2.378815 -44.398827
-2.378969 -44.398922
-2.379735 -44.398739
-2.379874 -44.398540
-2.379683 -44.398380
-2.378851 -44.398567
-2.378807 -44.398766
-2.378502 -44.398830
-2.378415 -44.398216
-2.379496 -44.397961
-2.379855 -44.397881
-2.378407 -44.398216
-2.378507 -44.398830
-2.378223 -44.398907
-2.377909 -44.397343
-2.379367 -44.397064
-2.379171 -44.396175
-2.380049 -44.395969
-2.379744 -44.394512
-2.380053 -44.395969
-2.379171 -44.396175
-2.377726 -44.396492
-2.377539 -44.395592
-2.377405 -44.394855
-2.377538 -44.395592
-2.379150 -44.395248
-2.377537 -44.395592
-2.378245 -44.398979
-2.377499 -44.399120
-2.377386 -44.398758
-2.376945 -44.398903
-2.376969 -44.399033
-2.376635 -44.399158
-2.376336 -44.398422
-2.375006 -44.398922
-2.375172 -44.399220
-2.373941 -44.399654
-2.369345 -44.385742
-2.369037 -44.385410
-2.368547 -44.385334
-2.368223 -44.385513
-2.368122 -44.385693
-2.368203 -44.385910
-2.368446 -44.386078
-2.368800 -44.386131
-2.375695 -44.407181
-2.375958 -44.407227
-2.376234 -44.407227
-2.376400 -44.407139
-2.376538 -44.407047
-2.376538 -44.406860
-2.376424 -44.406693
-2.376325 -44.406612
-2.376195 -44.406494
-2.374041 -44.400085
-2.375309 -44.399601
-2.375505 -44.399986
-2.377061 -44.399361
-2.377088 -44.399479
-2.377561 -44.399357
-2.377488 -44.399120

-2.389176 -44.387310
-2.389372 -44.386497
-2.390086 -44.386982
-2.391285 -44.385586
-2.390086 -44.386982
-2.391021 -44.387630
-2.392179 -44.386314
-2.391010 -44.387630
-2.389371 -44.386497
-2.390578 -44.382435
-2.391586 -44.382912
-2.390613 -44.384651
-2.391578 -44.382915
-2.392584 -44.383381
-2.391670 -44.385029
-2.392602 -44.383404
-2.391586 -44.382919
-2.390549 -44.382435
-2.390696 -44.381859
-2.392598 -44.381275
-2.390667 -44.381874
-2.389220 -44.378777
-2.388949 -44.378555
-2.388383 -44.378365
-2.388561 -44.377804
-2.387669 -44.377560
-2.388561 -44.377804
-2.388772 -44.377159
-2.387806 -44.376926
-2.388770 -44.377163
-2.388383 -44.378368
-2.386387 -44.377769
-2.386576 -44.377056
-2.387534 -44.377354
-2.386576 -44.377056
-2.385646 -44.376747
-2.386576 -44.377056
-2.386750 -44.376404
-2.387715 -44.376663
-2.386750 -44.376404
-2.385809 -44.376106
-2.386750 -44.376404
-2.386577 -44.377056
-2.386381 -44.377773
-2.384277 -44.377182
-2.384474 -44.376621
-2.384687 -44.376011
-2.385591 -44.376308
-2.384685 -44.376011
-2.384474 -44.376621
-2.385406 -44.376877
-2.384473 -44.376621
-2.384277 -44.377182
-2.383096 -44.376873
-2.382738 -44.376740
-2.382459 -44.376472
-2.382293 -44.376183
-2.382200 -44.375771
-2.382392 -44.374100
-2.382217 -44.374100
-2.382206 -44.374168
-2.382116 -44.374763
-2.382299 -44.374901
-2.382200 -44.375767
-2.382291 -44.376183
-2.382458 -44.376472
-2.382738 -44.376740
-2.383086 -44.376873
-2.383311 -44.377117
-2.386328 -44.377953
-2.386112 -44.378723
-2.385209 -44.378426
-2.386112 -44.378723
-2.385917 -44.379417
-2.385055 -44.379154
-2.385913 -44.379417
-2.386329 -44.377956
-2.388319 -44.378571
-2.388723 -44.378700
-2.389017 -44.378944
-2.390372 -44.381908
-2.390351 -44.382339
-2.388955 -44.387180

-2.591993 -44.244797
-2.574488 -44.232018
-2.583667 -44.238667
-2.582123 -44.229828
-2.584916 -44.245892

-2.570391 -44.169041
-2.457970 -44.178585
-2.457366 -44.185627
-2.461927 -44.201687
-2.465388 -44.213524
-2.471351 -44.221722
-2.477257 -44.227097
-2.480225 -44.246735
-2.480225 -44.257130
-2.483192 -44.262905
-2.481214 -44.270126
-2.483687 -44.281677
-2.487148 -44.298138
-2.489127 -44.309399
-2.497323 -44.318768
-2.494659 -44.304371
-2.511853 -44.301495
-2.516439 -44.287914
-2.524083 -44.303307
-2.537841 -44.299686
-2.573021 -44.238583
-2.570579 -44.168861

-2.409638 -44.112560
-2.406945 -44.106339
-2.421199 -44.104088
-2.423658 -44.109962
-2.409637 -44.112564

-2.547247 -44.068359
-2.548045 -44.056042
-2.559963 -44.058598
-2.554749 -44.068638
-2.547358 -44.068470

-2.570764 -44.245346
-2.606331 -44.250275
-2.646741 -44.279118
-2.650093 -44.287331
-2.671136 -44.292809
-2.673743 -44.298466
-2.692551 -44.306499
-2.763687 -44.357979
-2.775791 -44.372765
-2.893669 -44.371304
-2.931285 -44.330048
-2.982123 -44.310879
-3.029981 -44.313801

-2.575233 -44.367653
-2.564432 -44.364002
-2.563687 -44.340633
-2.616760 -44.320007
-2.672812 -44.298100

-2.397370 -44.410191
-2.397991 -44.410412
-2.398635 -44.410679
-2.399256 -44.411091
-2.399877 -44.411625
-2.400307 -44.412258
-2.400689 -44.412941

-2.401737 -44.411415
-2.401712 -44.410782
-2.402333 -44.410416
-2.402953 -44.410248
-2.403574 -44.410126
-2.404194 -44.409809
-2.404815 -44.409344
-2.405435 -44.408932
-2.406103 -44.408348
-2.406748 -44.407738
-2.407082 -44.408371
-2.407297 -44.409027
-2.406677 -44.409611
-2.406176 -44.410244
-2.405914 -44.410877
-2.405532 -44.411533
-2.404911 -44.411854
-2.404072 -44.412235

-2.394819 -44.413189
-2.395440 -44.413406
-2.396085 -44.413406
-2.396705 -44.413334
-2.397374 -44.413334
-2.397994 -44.413235
-2.398639 -44.413090
-2.399283 -44.413017
-2.399904 -44.413017
-2.400548 -44.413017
-2.400596 -44.413647
-2.400764 -44.414280
-2.400907 -44.414913
-2.401003 -44.415569
-2.401623 -44.415741
-2.401671 -44.415085
-2.401599 -44.414429
-2.401565 -44.413784
-2.401527 -44.413162
-2.402147 -44.412746
-2.402816 -44.412529
-2.403436 -44.412357
-2.404057 -44.412258
-2.404558 -44.412918
-2.405179 -44.413475
-2.405800 -44.413914
-2.406421 -44.414330
-2.407065 -44.414474
-2.407518 -44.413815
-2.407852 -44.413181
-2.407255 -44.412525
-2.406754 -44.411892
-2.405740 -44.411083

-2.407916 -44.416767
-2.406895 -44.417336
-2.406098 -44.417751
-2.405323 -44.417973

-2.407053 -44.414497
-2.406822 -44.415253
-2.406488 -44.415886
-2.406130 -44.416546
-2.405772 -44.417202
-2.405415 -44.417858
-2.405236 -44.418201
-2.405010 -44.418362
-2.404458 -44.418449
-2.403930 -44.418289
-2.404031 -44.418083
-2.404149 -44.417740
-2.404531 -44.417107
-2.404961 -44.416470
-2.405175 -44.415840
-2.405032 -44.415180
-2.404697 -44.414551
-2.404315 -44.413918
-2.403694 -44.413574
-2.403074 -44.413891
-2.402453 -44.414062
-2.401582 -44.414215
-2.401529 -44.413162
-2.402139 -44.412750
-2.402455 -44.414059

-2.407159 -44.414474
-2.407838 -44.415890
-2.407910 -44.416519
-2.407982 -44.417202
-2.407924 -44.417862
-2.407848 -44.418201
-2.407481 -44.418030
-2.406666 -44.417454

-2.406293 -44.416145
-2.405648 -44.415756
-2.404941 -44.414913

-2.398361 -44.413876
-2.399339 -44.413330
-2.399984 -44.413086
-2.400604 -44.412964
-2.401249 -44.412914
-2.401889 -44.412914
-2.401701 -44.410870
-2.401797 -44.410236
-2.401701 -44.409603
-2.401581 -44.408970
-2.401462 -44.408314
-2.401342 -44.407681
-2.401222 -44.407047
-2.401103 -44.406391

-5.911091 -35.237316
-5.909302 -35.253345
-5.909651 -35.250870
-5.906351 -35.253437
-5.916458 -35.245506
-5.909599 -35.250870
-5.910544 -35.242405
-5.917263 -35.237228
-5.900894 -35.249912

-5.910286 -35.256077
-5.928621 -35.255978
-5.928891 -35.264271
-5.924866 -35.270084
-5.919857 -35.268497
-5.919141 -35.274578
-5.915206 -35.274841
-5.910823 -35.271141
-5.907156 -35.267971
-5.906977 -35.264359
-5.902862 -35.263214
-5.910107 -35.256077

-5.813596 -35.247444
-5.821467 -35.225334
-5.816011 -35.223133
-5.824508 -35.203049
-5.827013 -35.203667
-5.827818 -35.201374
-5.826923 -35.195736
-5.822361 -35.200848
-5.817174 -35.198029
-5.813059 -35.197498
-5.808945 -35.195122
-5.806530 -35.200142
-5.803399 -35.199348
-5.804741 -35.194592
-5.802415 -35.195824
-5.800089 -35.196793
-5.797674 -35.197411
-5.795349 -35.197849
-5.793023 -35.197060
-5.790519 -35.194767
-5.788104 -35.194855
-5.789177 -35.192566
-5.791503 -35.191772
-5.793828 -35.189922
-5.795707 -35.187634
-5.794275 -35.185341
-5.791860 -35.186134
-5.789535 -35.187809
-5.787209 -35.189129
-5.784884 -35.189835
-5.782558 -35.191860
-5.780233 -35.193184
-5.766458 -35.196972
-5.766369 -35.199261
-5.763953 -35.199966
-5.762970 -35.202255
-5.764669 -35.204723
-5.767084 -35.205780
-5.769499 -35.206482
-5.771825 -35.206749
-5.774150 -35.207100
-5.776476 -35.207981
-5.778801 -35.209480
-5.781127 -35.210976
-5.783453 -35.212914
-5.785778 -35.215027
-5.787030 -35.217407
-5.787746 -35.219696
-5.788462 -35.222076
-5.789177 -35.224365
-5.789267 -35.226658
-5.791592 -35.227802
-5.794007 -35.228065
-5.794902 -35.230354
-5.795259 -35.232647
-5.795259 -35.234936
-5.794633 -35.237228
-5.792934 -35.239517
-5.792308 -35.241898
-5.794812 -35.243748
-5.797138 -35.244892
-5.799374 -35.242512
-5.800089 -35.240223
-5.802415 -35.239342
-5.803220 -35.241718
-5.804025 -35.244011
-5.806351 -35.244450
-5.808766 -35.246037
-5.811091 -35.246655
-5.813782 -35.247280

-5.646869 -35.500263
-5.642934 -35.467232
-5.648658 -35.421246
-5.737657 -35.351566
-5.774061 -35.253082
-5.775313 -35.249912
-5.792129 -35.241631
-5.794454 -35.239780
-5.796780 -35.237843
-5.799106 -35.236874
-5.801521 -35.237141
-5.803846 -35.238724
-5.805456 -35.241192
-5.818247 -35.250439
-5.820572 -35.252113
-5.821825 -35.254406
-5.821109 -35.256695
-5.819052 -35.258984
-5.818247 -35.261276
-5.818068 -35.263565
-5.820304 -35.276253
-5.821735 -35.278542
-5.824061 -35.280567
-5.826386 -35.280567
-5.828712 -35.280216
-5.831038 -35.279598
-5.833453 -35.280128
-5.835242 -35.282417
-5.835599 -35.290081
-5.843113 -35.297215
-5.846512 -35.312366
-5.851699 -35.318886
-5.850984 -35.323467
-5.856798 -35.348660
-5.863775 -35.351303

-5.819589 -35.214676
-5.821914 -35.215733
-5.823256 -35.213352
-5.824776 -35.211063
-5.825850 -35.208687
-5.828175 -35.209919
-5.830501 -35.211151
-5.832916 -35.211414
-5.835420 -35.210800
-5.837746 -35.209831
-5.840161 -35.209213
-5.842487 -35.208332
-5.844991 -35.207275
-5.884794 -35.225071
-5.890787 -35.256607
-5.862880 -35.341263
-5.863506 -35.351479

-5.884705 -35.225071
-5.904383 -35.232998
-5.905635 -35.235291
-5.905188 -35.237579
-5.904651 -35.239960
-5.904830 -35.242249
-5.905546 -35.244537

-5.845019 -35.207291
-5.864222 -35.184021
-5.866637 -35.182434
-5.868962 -35.180672
-5.871288 -35.179615
-5.873614 -35.177677
-5.876029 -35.176971
-5.878444 -35.177940
-5.880769 -35.179089
-5.883095 -35.180058
-5.885420 -35.180496

-5.863059 -35.350864
-5.867531 -35.377026
-5.864758 -35.400192
-5.870125 -35.432259
-5.883184 -35.470402
-5.889535 -35.491898

-5.881688 -35.164680
-5.885108 -35.164780
-5.888090 -35.164051
-5.889890 -35.164600
-5.891050 -35.168400
-5.894480 -35.169411
-5.894740 -35.172211
-5.891840 -35.173641
-5.894270 -35.178699
-5.895080 -35.178440
-5.888260 -35.187531
-5.903330 -35.195709
-5.918270 -35.189449
-5.919830 -35.183681

-5.900954 -35.187813 // POLÍGONO DE SEGURANÇA 215 
-5.884230 -35.153381
-5.783841 -34.943935
-5.799417 -34.938770
-5.811531 -34.934753
-5.826530 -34.930164
-5.844990 -34.926720
-5.864605 -34.923279
-5.879027 -34.922131
-5.896911 -34.919262
-5.916526 -34.919262
-5.934412 -34.920982
-5.949412 -34.922703
-5.967297 -34.925575
-5.986913 -34.929016
-6.004222 -34.934181
-6.020377 -34.939919
-6.041725 -34.948528
-6.057303 -34.956562
-6.064804 -34.959431
-5.966733 -35.126411
-5.953461 -35.148792
-5.934416 -35.182648
-5.900954 -35.187813
-5.900954 -35.187813  /// FINAL DO POLÍGONO

-5.925090 -35.179192
-5.939190 -35.180691
-5.942720 -35.178169
-5.940020 -35.175900
-5.941030 -35.171120
-5.937160 -35.168221
-5.937700 -35.168129
-5.946340 -35.154350
-5.945089 -35.153202
-5.942567 -35.153969
-5.937891 -35.154003
-5.928341 -35.153957
-5.925270 -35.156071
-5.906200 -35.156181
-5.885690 -35.153568
-5.882700 -35.154099
-5.881880 -35.155182
-5.883140 -35.155910
-5.880859 -35.158333
-5.879336 -35.160137
-5.880031 -35.161987

-5.923500 -35.162701
-5.925000 -35.162701
-5.923880 -35.163330
-5.923500 -35.162701

-5.921944 -35.159443
-5.921111 -35.159721
-5.922500 -35.159721
-5.92277778 -35.16163056      Lançador_MRL
-5.94111111 -35.10555556        Nominal Az_110º Elevação 56º
-5.92277778 -35.16163056      Lançador_MRL

-5.92189722 -35.16149722       Lançador_Universal
-5.921944 -35.159443

-5.873240 -35.179146
-5.873242 -35.179150

-5.880232 -35.173904
-5.880234 -35.173908

-5.882959 -35.172176
-5.882961 -35.172176

-2.335846 -44.418491
-2.335937 -44.418446
-2.336039 -44.418434
-2.336117 -44.418461
-2.336233 -44.418533
-2.336322 -44.418575
-2.336417 -44.418587
-2.336541 -44.418587
-2.336628 -44.418552
-2.339145 -44.417336
-2.339257 -44.417286
-2.339324 -44.417294
-2.339385 -44.417351
-2.339484 -44.417538
-2.339575 -44.417709
-2.339698 -44.417923
-2.339817 -44.418125
-2.340071 -44.418602
-2.340396 -44.419144
-2.340602 -44.419411

-2.340852 -44.419506
-2.340631 -44.419231
-2.340466 -44.418995
-2.340255 -44.418636
-2.340056 -44.418289
-2.339902 -44.417923
-2.339608 -44.417187
-2.339610 -44.417130
-2.339684 -44.417061
-2.340503 -44.416664
-2.340545 -44.416676
-2.340581 -44.416759
-2.340828 -44.417263
-2.340828 -44.417301
-2.340745 -44.417358
-2.340819 -44.417534
-2.340879 -44.417507
-2.340934 -44.417595
-2.341087 -44.417519
-2.341050 -44.417423
-2.341106 -44.417389
-2.341028 -44.417221
-2.340929 -44.417263
-2.340866 -44.417183
-2.340619 -44.416664
-2.340613 -44.416630
-2.340653 -44.416592
-2.341078 -44.416367
-2.341056 -44.416283
-2.341023 -44.416325
-2.340623 -44.416542
-2.340558 -44.416523
-2.340320 -44.416004
-2.340307 -44.415947
-2.340360 -44.415886
-2.340738 -44.415703
-2.340786 -44.415718
-2.340839 -44.415829
-2.340895 -44.415798
-2.340737 -44.415470
-2.340682 -44.415497
-2.340728 -44.415596
-2.340722 -44.415638
-2.340683 -44.415665
-2.339296 -44.416336
-2.339249 -44.416328
-2.339203 -44.416286
-2.338968 -44.415878
-2.338689 -44.415394

-2.338526 -44.415382
-2.338920 -44.416370
-2.338933 -44.416458
-2.338900 -44.416527
-2.338830 -44.416561
-2.338736 -44.416534
-2.338670 -44.416424
-2.338454 -44.415981
-2.338377 -44.415878
-2.338315 -44.415859
-2.338213 -44.415867
-2.337819 -44.416050
-2.337783 -44.416042
-2.337754 -44.415993
-2.337542 -44.415524
-2.337421 -44.415588
-2.337455 -44.415668
-2.337517 -44.415653
-2.337552 -44.415730
-2.337502 -44.415764
-2.337536 -44.415844
-2.337587 -44.415829
-2.337696 -44.416054
-2.337693 -44.416096
-2.337663 -44.416122
-2.335872 -44.416981

-2.335868 -44.417068
-2.336723 -44.416653
-2.336779 -44.416645
-2.336835 -44.416664
-2.336894 -44.416725
-2.337144 -44.417271
-2.337141 -44.417328
-2.337122 -44.417381
-2.337069 -44.417412
-2.336250 -44.417805
-2.336135 -44.417881
-2.336073 -44.417973
-2.336042 -44.418060
-2.336023 -44.418152
-2.336011 -44.418240
-2.335981 -44.418304
-2.335915 -44.418369
-2.335875 -44.418404
-2.335837 -44.418423

-2.336116 -44.418324
-2.336183 -44.418427
-2.336248 -44.418472
-2.336334 -44.418518
-2.336433 -44.418530
-2.336517 -44.418518
-2.336592 -44.418488
-2.338947 -44.417358
-2.338979 -44.417316
-2.338994 -44.417255
-2.338975 -44.417179
-2.338775 -44.416782
-2.338718 -44.416740
-2.338642 -44.416729
-2.338567 -44.416763
-2.336278 -44.417870
-2.336213 -44.417912
-2.336142 -44.417980
-2.336099 -44.418068
-2.336088 -44.418171
-2.336090 -44.418259
-2.336114 -44.418331

-2.337023 -44.416817
-2.337131 -44.417046
-2.337176 -44.417080
-2.337227 -44.417095
-2.337291 -44.417084
-2.338501 -44.416485
-2.338541 -44.416431
-2.338556 -44.416367
-2.338539 -44.416309
-2.338389 -44.416004
-2.338350 -44.415943
-2.338291 -44.415936
-2.338221 -44.415947
-2.337034 -44.416500
-2.336982 -44.416557
-2.336953 -44.416611
-2.336962 -44.416679
-2.337025 -44.416817

-2.337907 -44.416531
-2.337791 -44.416286
-2.337549 -44.416393
-2.337677 -44.416653
-2.337910 -44.416527

-2.337546 -44.415874
-2.337390 -44.415516
-2.337251 -44.415596
-2.337400 -44.415947
-2.337550 -44.415878

-2.339791 -44.417923
-2.339722 -44.417652
-2.339494 -44.417175
-2.339450 -44.417175
-2.339419 -44.417202
-2.339635 -44.417667
-2.339795 -44.417915

-2.339449 -44.417103
-2.339158 -44.416466
-2.339096 -44.416504
-2.339387 -44.417133
-2.339453 -44.417095

-2.339126 -44.416412
-2.338906 -44.415936
-2.338756 -44.415688
-2.338835 -44.415977
-2.339068 -44.416443
-2.339127 -44.416416

-2.339308 -44.417179
-2.339021 -44.416550
-2.338793 -44.416660
-2.339093 -44.417294
-2.339312 -44.417179

-2.339522 -44.417072
-2.339756 -44.416962
-2.339458 -44.416336
-2.339239 -44.416447
-2.339527 -44.417072

-2.339670 -44.416622
-2.339772 -44.416843
-2.339843 -44.416885
-2.339930 -44.416885
-2.340457 -44.416634
-2.340487 -44.416603
-2.340494 -44.416542
-2.340275 -44.416039
-2.340211 -44.415993
-2.340139 -44.416004
-2.339605 -44.416256
-2.339572 -44.416313
-2.339560 -44.416389
-2.339668 -44.416622

-2.335834 -44.418491
-2.334912 -44.418941
-2.334892 -44.418976
-2.334892 -44.419010
-2.334948 -44.419121
-2.334972 -44.419136
-2.335010 -44.419128
-2.335105 -44.419079
-2.335130 -44.419132
-2.334807 -44.419296
-2.334785 -44.419243
-2.334899 -44.419178
-2.334922 -44.419163
-2.334912 -44.419132
-2.334860 -44.419014
-2.334833 -44.418991
-2.334792 -44.419006
-2.334465 -44.419163
-2.334487 -44.419235
-2.334347 -44.419296
-2.334307 -44.419243
-2.334268 -44.419270
-2.334296 -44.419327
-2.334156 -44.419399
-2.334128 -44.419342
-2.333860 -44.419468
-2.333841 -44.419495
-2.333848 -44.419525
-2.333941 -44.419724
-2.333918 -44.419735
-2.333960 -44.419815
-2.333969 -44.419865
-2.333963 -44.419907
-2.333942 -44.419960
-2.333914 -44.419994
-2.333887 -44.420013
-2.333842 -44.420036
-2.333783 -44.420036
-2.333727 -44.420006
-2.333687 -44.419964
-2.333666 -44.419899
-2.333673 -44.419834
-2.333690 -44.419785
-2.333725 -44.419746
-2.333749 -44.419735
-2.333850 -44.419674
-2.333854 -44.419647
-2.333795 -44.419525
-2.333767 -44.419510
-2.333729 -44.419529
-2.330761 -44.421001
-2.330738 -44.420944
-2.330783 -44.420872
-2.330796 -44.420822
-2.330786 -44.420750
-2.330581 -44.420296
-2.330550 -44.420235
-2.330540 -44.420193
-2.330554 -44.420143
-2.330559 -44.420116
-2.330572 -44.420097
-2.330610 -44.420074
-2.330666 -44.420063
-2.330726 -44.420078
-2.330782 -44.420135
-2.330903 -44.420395
-2.330998 -44.420361
-2.331059 -44.420471
-2.330989 -44.420521
-2.331059 -44.420658
-2.331107 -44.420689
-2.331163 -44.420704
-2.331226 -44.420681
-2.333745 -44.419441
-2.333745 -44.419399
-2.333527 -44.418919
-2.333466 -44.418903
-2.333404 -44.418888
-2.333365 -44.418835
-2.333357 -44.418766
-2.333372 -44.418713
-2.333411 -44.418663
-2.333458 -44.418644
-2.333514 -44.418644
-2.333572 -44.418671
-2.333604 -44.418701
-2.333623 -44.418751
-2.333612 -44.418816
-2.333579 -44.418873
-2.333566 -44.418900
-2.333788 -44.419380
-2.333808 -44.419411
-2.333847 -44.419403
-2.334103 -44.419270
-2.334074 -44.419224
-2.334214 -44.419147
-2.334246 -44.419205
-2.334293 -44.419178
-2.334271 -44.419117
-2.334408 -44.419044
-2.334441 -44.419121
-2.334464 -44.419128
-2.335840 -44.418427

-2.335867 -44.417068
-2.335321 -44.417343
-2.335369 -44.417473
-2.335074 -44.417633
-2.334928 -44.417313
-2.335237 -44.417156
-2.335289 -44.417274
-2.335872 -44.416981

-2.334631 -44.419510
-2.334563 -44.419384
-2.334225 -44.419544
-2.334292 -44.419678
-2.334631 -44.419510

-2.334349 -44.418888
-2.334290 -44.418751
-2.333924 -44.418938
-2.333993 -44.419083
-2.334348 -44.418888

-2.333452 -44.418762
-2.333456 -44.418789
-2.333462 -44.418812
-2.333485 -44.418819
-2.333509 -44.418816
-2.333520 -44.418793
-2.333519 -44.418770
-2.333496 -44.418751
-2.333473 -44.418751
-2.333457 -44.418774

-2.333942 -44.419823
-2.333905 -44.419758
-2.333783 -44.419811
-2.333817 -44.419884
-2.333942 -44.419823

-2.330943 -44.420567
-2.330763 -44.420212
-2.330603 -44.420296
-2.330774 -44.420662
-2.330943 -44.420570

-2.330693 -44.420288
-2.330730 -44.420265
-2.330705 -44.420219
-2.330689 -44.420216
-2.330673 -44.420219
-2.330662 -44.420231
-2.330666 -44.420242
-2.330677 -44.420265
-2.330692 -44.420292

-2.338527 -44.415382
-2.338229 -44.414787
-2.338081 -44.414513
-2.337859 -44.414211
-2.337536 -44.413937
-2.336348 -44.413044

-2.338627 -44.415272
-2.338682 -44.415405
-2.338627 -44.415272
-2.338617 -44.415211
-2.338622 -44.415085
-2.338687 -44.414928
-2.339068 -44.414444
-2.339155 -44.414272
-2.339221 -44.414017
-2.339220 -44.413719
-2.338917 -44.410172
-2.338670 -44.408463
-2.338646 -44.408195
-2.338654 -44.404568
-2.338929 -44.404568
-2.339027 -44.404533
-2.339042 -44.404476
-2.339042 -44.403984
-2.339002 -44.403950
-2.338953 -44.403934
-2.338886 -44.403912
-2.338682 -44.403728
-2.338518 -44.403728
-2.338315 -44.403934
-2.338072 -44.403934
-2.338032 -44.403919
-2.337872 -44.403694
-2.337872 -44.403645
-2.337901 -44.403606
-2.337941 -44.403587
-2.337994 -44.403584
-2.338060 -44.403633
-2.338048 -44.403679
-2.338080 -44.403740
-2.338106 -44.403713
-2.338090 -44.403683
-2.338105 -44.403664
-2.338120 -44.403648
-2.338152 -44.403645
-2.338174 -44.403664
-2.338216 -44.403637
-2.338182 -44.403603
-2.338143 -44.403591
-2.338098 -44.403606
-2.338051 -44.403568
-2.337975 -44.403549
-2.337906 -44.403576
-2.337850 -44.403629
-2.337828 -44.403687
-2.337843 -44.403755
-2.338023 -44.403961
-2.338067 -44.403969
-2.338924 -44.403969
-2.338978 -44.403992
-2.339000 -44.404037
-2.338997 -44.404449
-2.338982 -44.404507
-2.338932 -44.404522
-2.338445 -44.404518
-2.338448 -44.404823
-2.338511 -44.404823
-2.338538 -44.404831
-2.338559 -44.404858
-2.338554 -44.405396
-2.338538 -44.405426
-2.338502 -44.405434
-2.338066 -44.405434
-2.338067 -44.405754
-2.338134 -44.405754
-2.338135 -44.406006
-2.338502 -44.406006
-2.338539 -44.406029
-2.338548 -44.406059
-2.338550 -44.406364
-2.338535 -44.406403
-2.338504 -44.406410
-2.338256 -44.406410
-2.338227 -44.406361
-2.337934 -44.406361
-2.337908 -44.406403
-2.337764 -44.406403
-2.337739 -44.406384
-2.337731 -44.406342
-2.337730 -44.405979
-2.337322 -44.405987
-2.337319 -44.406364
-2.337274 -44.406395
-2.337100 -44.406399
-2.337046 -44.406281
-2.337015 -44.406231
-2.336958 -44.406178
-2.336903 -44.406132
-2.336851 -44.406101
-2.336764 -44.406082
-2.336655 -44.406075
-2.336560 -44.406097
-2.336506 -44.406132
-2.336443 -44.406181
-2.336372 -44.406265
-2.336344 -44.406376
-2.336337 -44.406509
-2.336373 -44.406628
-2.336429 -44.406712
-2.336494 -44.406765
-2.336557 -44.406796
-2.336645 -44.406830
-2.336773 -44.406815
-2.336873 -44.406780
-2.336940 -44.406742
-2.337000 -44.406696
-2.337053 -44.406628
-2.337068 -44.406551
-2.337087 -44.406509
-2.337347 -44.406506
-2.337404 -44.406540
-2.337416 -44.406609
-2.337475 -44.406631
-2.337734 -44.406631
-2.337732 -44.406548
-2.337750 -44.406521
-2.337799 -44.406509
-2.338501 -44.406509
-2.338542 -44.406544
-2.338542 -44.408192
-2.338563 -44.408432
-2.338796 -44.410149
-2.339112 -44.413670
-2.339121 -44.413876
-2.339099 -44.414070
-2.339055 -44.414242
-2.338981 -44.414379
-2.338676 -44.414776
-2.338586 -44.414860
-2.338518 -44.414879
-2.338456 -44.414871
-2.338380 -44.414810
-2.338335 -44.414707
-2.338261 -44.414547
-2.338085 -44.414291
-2.337971 -44.414139
-2.337848 -44.414013
-2.337688 -44.413864
-2.336359 -44.412884

-2.338610 -44.404404
-2.338703 -44.404404
-2.338701 -44.404308
-2.338823 -44.404453
-2.338927 -44.404331
-2.338646 -44.404057
-2.338552 -44.404057
-2.338270 -44.404335
-2.338380 -44.404449
-2.338502 -44.404324
-2.338501 -44.404404
-2.338603 -44.404404

-2.338457 -44.405846
-2.338457 -44.405598
-2.338160 -44.405598
-2.338160 -44.405846
-2.338457 -44.405846

-2.314044 -44.371365
-2.314379 -44.371689
-2.314416 -44.371704
-2.314454 -44.371662
-2.314450 -44.370884
-2.314438 -44.370831
-2.314400 -44.370827
-2.313974 -44.371235
-2.313958 -44.371265
-2.313972 -44.371300
-2.314044 -44.371365

-2.314548 -44.370296
-2.314548 -44.370319
-2.314548 -44.370331
-2.314548 -44.370338
-2.314550 -44.370342
-2.314555 -44.370350
-2.314562 -44.370354
-2.314578 -44.370358
-2.314596 -44.370346
-2.314609 -44.370338
-2.314895 -44.370064
-2.314901 -44.370056
-2.314911 -44.370049
-2.314921 -44.370033
-2.314925 -44.370018
-2.314919 -44.370007
-2.314895 -44.369995
-2.314871 -44.369987
-2.314633 -44.369946
-2.314606 -44.369942
-2.314592 -44.369942
-2.314574 -44.369946
-2.314560 -44.369957
-2.314554 -44.369968
-2.314549 -44.369980
-2.314548 -44.370296

-2.314224 -44.370632
-2.314375 -44.370464
-2.314408 -44.370415
-2.314431 -44.370358
-2.314442 -44.370308
-2.314440 -44.370125
-2.314437 -44.370110
-2.314435 -44.370094
-2.314424 -44.370083
-2.314404 -44.370079
-2.314386 -44.370083
-2.314368 -44.370087
-2.314358 -44.370098
-2.314342 -44.370106
-2.313753 -44.370689
-2.313714 -44.370754
-2.313692 -44.370808
-2.313679 -44.370869
-2.313677 -44.370922
-2.313682 -44.370975
-2.313699 -44.371014
-2.313712 -44.371044
-2.313726 -44.371059
-2.313740 -44.371071
-2.313754 -44.371075
-2.313776 -44.371075
-2.313792 -44.371071
-2.313883 -44.370972
-2.314223 -44.370632

-2.313616 -44.371262
-2.313651 -44.371288
-2.313727 -44.371201
-2.313730 -44.371170
-2.313671 -44.371105
-2.313634 -44.371037
-2.313606 -44.370964
-2.313605 -44.370911
-2.313612 -44.370838
-2.313631 -44.370762
-2.313671 -44.370689
-2.313716 -44.370625
-2.314357 -44.370003
-2.314368 -44.369980
-2.314369 -44.369961
-2.314368 -44.369938
-2.314362 -44.369919
-2.314358 -44.369907
-2.314346 -44.369896
-2.314329 -44.369888
-2.314313 -44.369881
-2.314299 -44.369877
-2.314276 -44.369877
-2.314014 -44.369877
-2.313937 -44.369892
-2.313863 -44.369907
-2.313786 -44.369930
-2.313695 -44.369965
-2.313625 -44.369995
-2.313562 -44.370041
-2.313480 -44.370090
-2.313423 -44.370140
-2.312850 -44.370716
-2.312804 -44.370781
-2.312774 -44.370846
-2.312768 -44.370907
-2.312776 -44.370960
-2.312810 -44.371021
-2.313345 -44.371529
-2.313368 -44.371540
-2.313412 -44.371525
-2.313454 -44.371460
-2.313434 -44.371429
-2.313621 -44.371258

-2.314012 -44.371117
-2.314368 -44.370770
-2.314224 -44.370632
-2.313876 -44.370979
-2.314012 -44.371117

-2.314750 -44.372166
-2.314689 -44.372238
-2.314801 -44.372356
-2.314863 -44.372295
-2.314884 -44.372318
-2.314945 -44.372253
-2.314922 -44.372227
-2.314984 -44.372169
-2.314859 -44.372051
-2.314802 -44.372116
-2.314750 -44.372166

-2.314783 -44.372089
-2.314900 -44.371971
-2.315069 -44.372143
-2.315097 -44.372120
-2.315157 -44.372189
-2.315105 -44.372242
-2.314888 -44.372025
-2.314800 -44.372112
-2.314783 -44.372089

-2.312467 -44.370609
-2.312346 -44.370487
-2.312213 -44.370609
-2.312338 -44.370739
-2.312467 -44.370609

-2.311766 -44.371601
-2.311888 -44.371487
-2.311837 -44.371429
-2.311717 -44.371559
-2.311767 -44.371601

-2.311979 -44.371853
-2.312029 -44.371811
-2.311903 -44.371704
-2.311855 -44.371754
-2.311976 -44.371853

-2.311940 -44.371456
-2.312028 -44.371365
-2.311935 -44.371277
-2.311837 -44.371372
-2.311940 -44.371460

-2.315106 -44.370613
-2.315212 -44.370510
-2.315098 -44.370419
-2.315000 -44.370522
-2.315107 -44.370613

-2.315903 -44.369820
-2.315800 -44.369720
-2.315664 -44.369862
-2.315753 -44.369965
-2.315905 -44.369820

-2.317157 -44.367775
-2.317133 -44.367725
-2.317114 -44.367657
-2.317140 -44.367596
-2.317168 -44.367546
-2.317721 -44.366989
-2.317728 -44.366978
-2.317728 -44.366962
-2.317719 -44.366955
-2.317641 -44.366882
-2.317620 -44.366879
-2.317602 -44.366882
-2.317576 -44.366898
-2.315933 -44.368500
-2.315862 -44.368565
-2.315810 -44.368633
-2.315780 -44.368732
-2.315770 -44.368790
-2.315772 -44.369045
-2.315777 -44.369072
-2.315785 -44.369083
-2.315793 -44.369087
-2.315803 -44.369095
-2.315816 -44.369095
-2.315828 -44.369095
-2.315839 -44.369091
-2.315849 -44.369087
-2.315861 -44.369083
-2.315881 -44.369068
-2.317166 -44.367775

-2.315176 -44.369755
-2.315597 -44.369347
-2.315659 -44.369259
-2.315690 -44.369198
-2.315703 -44.369114
-2.315705 -44.368870
-2.315703 -44.368855
-2.315700 -44.368847
-2.315696 -44.368835
-2.315689 -44.368824
-2.315674 -44.368816
-2.315660 -44.368813
-2.315647 -44.368813
-2.315634 -44.368816
-2.315624 -44.368820
-2.314634 -44.369797
-2.314616 -44.369804
-2.314608 -44.369812
-2.314598 -44.369823
-2.314594 -44.369843
-2.314600 -44.369862
-2.314610 -44.369873
-2.314625 -44.369888
-2.314651 -44.369900
-2.314898 -44.369946
-2.314928 -44.369949
-2.314942 -44.369949
-2.314972 -44.369949
-2.314986 -44.369938
-2.314998 -44.369926
-2.315176 -44.369762

-2.317244 -44.367680
-2.317362 -44.367798
-2.317465 -44.367683
-2.317354 -44.367565
-2.317244 -44.367680

-2.315434 -44.368248
-2.315433 -44.368134
-2.315402 -44.368134
-2.315402 -44.368244
-2.315348 -44.368298
-2.315260 -44.368298
-2.315214 -44.368248
-2.315214 -44.368149
-2.315267 -44.368095
-2.315352 -44.368095
-2.315402 -44.368134
-2.315434 -44.368134
-2.315362 -44.368076
-2.315248 -44.368076
-2.315185 -44.368145
-2.315185 -44.368252
-2.315252 -44.368320
-2.315356 -44.368320
-2.315434 -44.368248

-2.315710 -44.367016
-2.315670 -44.367016
-2.315670 -44.367134
-2.315639 -44.367134
-2.315639 -44.367191
-2.315736 -44.367191
-2.315736 -44.367134
-2.315711 -44.367134
-2.315711 -44.367016

-2.319046 -44.367702
-2.319163 -44.367771
-2.319290 -44.367702
-2.319162 -44.367630
-2.319162 -44.367771
-2.319163 -44.367725
-2.319162 -44.367676
-2.319162 -44.367634
-2.319046 -44.367702
-2.319207 -44.367702
-2.319162 -44.367676
-2.319118 -44.367702
-2.319162 -44.367725
-2.319207 -44.367702
-2.319291 -44.367702

-2.312463 -44.371094
-2.311212 -44.372326
-2.312505 -44.371052
-2.312546 -44.371040
-2.312594 -44.371029
-2.312647 -44.371033
-2.312699 -44.371044
-2.312749 -44.371082
-2.313111 -44.371433
-2.313118 -44.371471
-2.313101 -44.371506
-2.313052 -44.371548
-2.313425 -44.371918
-2.313473 -44.371864
-2.313503 -44.371845
-2.313538 -44.371849
-2.313561 -44.371872
-2.313706 -44.372013
-2.313718 -44.372047
-2.313694 -44.372082
-2.312983 -44.372761
-2.312971 -44.372768
-2.312950 -44.372772
-2.312917 -44.372742
-2.312785 -44.372871
-2.312967 -44.373035
-2.313096 -44.372898
-2.313067 -44.372871
-2.313056 -44.372849
-2.313067 -44.372829
-2.313753 -44.372143
-2.313788 -44.372124
-2.313847 -44.372139
-2.314746 -44.373047
-2.314787 -44.373112
-2.314806 -44.373165
-2.314816 -44.373222
-2.314819 -44.373264
-2.314817 -44.373306
-2.314810 -44.373367
-2.314798 -44.373425
-2.314780 -44.373486
-2.314311 -44.374352
-2.314603 -44.374496
-2.314653 -44.374416
-2.314746 -44.374477
-2.314851 -44.374287
-2.314753 -44.374229
-2.314808 -44.374146
-2.314607 -44.374035
-2.314643 -44.373966
-2.314771 -44.374035
-2.314816 -44.373955
-2.314693 -44.373882
-2.314697 -44.373840
-2.314887 -44.373489
-2.314902 -44.373428
-2.314915 -44.373363
-2.314920 -44.373314
-2.314925 -44.373253
-2.314914 -44.373199
-2.314894 -44.373135
-2.314860 -44.373055
-2.314804 -44.372982
-2.313455 -44.371643
-2.313441 -44.371616
-2.313455 -44.371590
-2.313521 -44.371529
-2.313553 -44.371552
-2.313737 -44.371357
-2.313709 -44.371334
-2.313785 -44.371258
-2.313810 -44.371254
-2.313844 -44.371273
-2.314748 -44.372166
-2.314800 -44.372112
-2.314597 -44.371895
-2.314560 -44.371838
-2.314539 -44.371773
-2.314534 -44.371696
-2.314534 -44.370647
-2.314545 -44.370564
-2.314578 -44.370487
-2.314621 -44.370426
-2.314658 -44.370377
-2.314994 -44.370068
-2.315010 -44.370052
-2.315030 -44.370041
-2.315049 -44.370037
-2.315075 -44.370033
-2.315095 -44.370033
-2.315144 -44.370037
-2.315210 -44.370033
-2.315257 -44.370026
-2.315308 -44.370014
-2.315340 -44.370003
-2.315375 -44.369995
-2.315420 -44.369991
-2.315456 -44.369991
-2.315509 -44.370010
-2.315547 -44.370045
-2.315631 -44.370121
-2.315677 -44.370148
-2.315719 -44.370152
-2.315767 -44.370132
-2.315952 -44.369961
-2.315920 -44.369930
-2.315883 -44.369965
-2.315851 -44.369968
-2.315820 -44.369946
-2.315783 -44.369972
-2.315799 -44.370010
-2.315792 -44.370037
-2.315740 -44.370087
-2.315717 -44.370094
-2.315704 -44.370098
-2.315685 -44.370098
-2.315672 -44.370094
-2.315628 -44.370056
-2.315597 -44.370026
-2.315499 -44.369949
-2.315552 -44.369915
-2.315602 -44.369884
-2.315663 -44.369835
-2.315730 -44.369774
-2.315817 -44.369667
-2.315849 -44.369652
-2.315909 -44.369652
-2.315975 -44.369637
-2.316028 -44.369602
-2.316057 -44.369537
-2.316048 -44.369469
-2.316014 -44.369415
-2.315962 -44.369389
-2.315896 -44.369385
-2.315833 -44.369415
-2.315796 -44.369450
-2.315785 -44.369476
-2.315772 -44.369518
-2.315784 -44.369556
-2.315794 -44.369595
-2.315787 -44.369617
-2.315769 -44.369637
-2.315719 -44.369686
-2.315550 -44.369846
-2.315468 -44.369907
-2.315369 -44.369953
-2.315236 -44.369984
-2.315179 -44.369995
-2.315146 -44.369999
-2.315130 -44.369995
-2.315115 -44.369991
-2.315103 -44.369987
-2.315095 -44.369984
-2.315089 -44.369980
-2.315085 -44.369972
-2.315083 -44.369968
-2.315084 -44.369961
-2.315087 -44.369949
-2.315097 -44.369934
-2.315115 -44.369919
-2.317210 -44.367813
-2.317294 -44.367893
-2.317370 -44.367905
-2.317438 -44.367886
-2.317514 -44.367840
-2.317561 -44.367756
-2.317572 -44.367661
-2.317549 -44.367577
-2.317496 -44.367504
-2.317415 -44.367432
-2.317855 -44.366989
-2.317617 -44.366760
-2.317602 -44.366756
-2.317583 -44.366756
-2.317565 -44.366768
-2.317550 -44.366779
-2.317538 -44.366787
-2.317524 -44.366802
-2.315867 -44.368465
-2.315857 -44.368473
-2.315850 -44.368477
-2.315837 -44.368481
-2.315825 -44.368484
-2.315812 -44.368484
-2.315796 -44.368481
-2.315785 -44.368469
-2.315777 -44.368454
-2.315773 -44.368439
-2.315774 -44.366901
-2.315586 -44.366901
-2.315586 -44.367748
-2.315589 -44.367802
-2.315589 -44.367828
-2.315592 -44.367859
-2.315613 -44.367882
-2.315634 -44.367897
-2.315649 -44.367908
-2.315702 -44.367924
-2.315702 -44.368469
-2.315700 -44.368504
-2.315696 -44.368534
-2.315692 -44.368553
-2.315686 -44.368591
-2.315677 -44.368626
-2.315665 -44.368652
-2.315648 -44.368683
-2.315638 -44.368706
-2.315619 -44.368721
-2.315563 -44.368771
-2.315266 -44.369080
-2.315260 -44.369083
-2.315251 -44.369087
-2.315241 -44.369091
-2.315230 -44.369095
-2.315216 -44.369095
-2.315206 -44.369099
-2.315193 -44.369095
-2.315178 -44.369087
-2.315165 -44.369080
-2.315156 -44.369072
-2.315159 -44.368580
-2.315164 -44.368549
-2.315186 -44.368526
-2.315202 -44.368492
-2.315217 -44.368458
-2.315227 -44.368431
-2.315226 -44.368382
-2.315223 -44.368347
-2.315205 -44.368317
-2.315189 -44.368301
-2.315158 -44.368279
-2.315123 -44.368271
-2.315086 -44.368271
-2.315086 -44.368317
-2.315023 -44.368317
-2.315023 -44.368465
-2.315087 -44.368465
-2.315086 -44.369068
-2.315085 -44.369152
-2.315052 -44.369236
-2.314992 -44.369324
-2.314928 -44.369396
-2.314596 -44.369728
-2.314582 -44.369740
-2.314567 -44.369747
-2.314548 -44.369755
-2.314532 -44.369747
-2.314523 -44.369740
-2.314523 -44.369728
-2.314522 -44.369713
-2.314521 -44.367508
-2.314421 -44.367508
-2.314421 -44.369774
-2.314414 -44.369793
-2.314399 -44.369801
-2.314382 -44.369808
-2.314357 -44.369808
-2.314140 -44.369808
-2.314025 -44.369808
-2.313931 -44.369823
-2.313840 -44.369835
-2.313754 -44.369862
-2.313670 -44.369892
-2.313565 -44.369942
-2.313468 -44.370010
-2.313353 -44.370106
-2.312631 -44.370823
-2.312517 -44.370708
-2.312594 -44.370613
-2.312346 -44.370361
-2.312088 -44.370609
-2.312339 -44.370857
-2.312429 -44.370781
-2.312545 -44.370895
-2.311213 -44.372231

-2.340858 -44.419491
-2.341737 -44.420788
-2.343113 -44.421722
-2.344922 -44.422440
-2.346442 -44.422440
-2.368589 -44.418034
-2.372059 -44.415379
-2.377487 -44.415375
-2.379079 -44.413574
-2.379211 -44.408245
-2.380069 -44.406086
-2.380928 -44.405830
-2.386530 -44.407276
-2.390799 -44.407993
-2.393769 -44.409073
-2.397374 -44.410168
-2.393769 -44.409073
-2.390692 -44.407993
-2.386530 -44.407276
-2.380928 -44.405830
-2.380284 -44.405388
-2.378675 -44.401699
-2.381100 -44.401054
-2.383126 -44.399616
-2.388333 -44.392635
-2.389169 -44.387306

-2.311212 -44.372326
-2.310902 -44.372692
-2.310535 -44.373093
-2.309942 -44.373627
-2.309406 -44.374165
-2.308870 -44.374615
-2.308672 -44.374950
-2.308672 -44.375282
-2.308672 -44.375618
-2.308785 -44.376404
-2.308954 -44.377224
-2.309575 -44.379379
-2.310527 -44.381229
-2.315958 -44.387917
-2.317769 -44.391224
-2.323201 -44.401009
-2.326822 -44.406044
-2.328632 -44.407410
-2.334693 -44.411575
-2.336363 -44.412888

-5.953309 -35.164680
-5.946104 -35.166862
-5.942920 -35.167358
-5.938690 -35.167858
-5.933720 -35.168659
-5.930830 -35.167381
-5.927850 -35.167278
-5.920620 -35.167252
-5.917000 -35.167961
-5.911560 -35.170471
-5.904320 -35.173870
-5.895260 -35.178349
-5.888020 -35.181210
-5.885398 -35.180492

-3.714602 -38.463951
-3.703219 -38.473816
-3.701849 -38.486504
-3.705722 -38.502502
-3.705722 -38.511520
-3.705336 -38.523468
-3.704177 -38.535416
-3.701475 -38.547592
-3.697283 -38.558998
-3.697283 -38.570782
-3.709155 -38.566250
-3.719657 -38.578030
-3.732443 -38.578484
-3.744315 -38.573952
-3.756187 -38.581654
-3.764406 -38.569874
-3.777191 -38.560814
-3.789064 -38.563076
-3.792716 -38.551296
-3.780388 -38.543594
-3.770799 -38.531815
-3.765776 -38.520031
-3.764406 -38.508251
-3.753447 -38.496471
-3.742032 -38.483784
-3.730159 -38.472004
-3.714988 -38.463951

-2.332065 -43.366688
-2.332651 -43.362160
-2.334260 -43.356606
-2.334699 -43.353104
-2.334114 -43.345329
-2.333675 -43.339264
-2.332943 -43.335590
-2.333382 -43.330639
-2.331627 -43.325085
-2.336747 -43.315144
-2.339966 -43.308990
-2.342453 -43.303524
-2.345525 -43.297295
-2.346842 -43.294476
-2.353133 -43.286957
-2.359277 -43.279953
-2.361488 -43.273575
-2.362779 -43.268673
-2.366136 -43.263695
-2.371818 -43.255627
-2.372851 -43.251480
-2.373357 -43.243870
-2.375850 -43.238045
-2.378343 -43.229675
-2.381459 -43.223488
-2.382082 -43.217667
-2.385821 -43.212208
-2.388314 -43.206020
-2.392677 -43.199837
-2.395170 -43.194378
-2.396416 -43.191101
-2.397663 -43.184914
-2.398909 -43.177273
-2.403272 -43.172176
-2.406388 -43.164536
-2.408257 -43.159805
-2.412620 -43.153984
-2.415113 -43.148159
-2.416908 -43.139908
-2.420024 -43.133354
-2.422517 -43.127533
-2.426256 -43.119892
-2.429995 -43.114071
-2.431242 -43.107517
-2.433112 -43.100967
-2.434358 -43.095509
-2.438097 -43.090778
-2.441837 -43.083866
-2.444330 -43.079136
-2.444953 -43.075859
-2.443706 -43.069672
-2.438721 -43.060940
-2.440590 -43.056210
-2.445576 -43.051113
-2.446823 -43.044926
-2.448692 -43.038738
-2.451808 -43.032188
-2.453055 -43.026005
-2.455548 -43.020542
-2.458041 -43.015087
-2.459910 -43.008900
-2.462403 -43.003441
-2.463667 -42.997597
-2.465332 -42.991131
-2.469205 -42.984989
-2.472524 -42.978531
-2.474184 -42.971745
-2.475844 -42.966900
-2.477504 -42.960114
-2.479717 -42.953007
-2.480823 -42.948162
-2.483590 -42.941380
-2.485803 -42.935562
-2.488016 -42.928455
-2.490229 -42.922642
-2.492995 -42.916504
-2.496315 -42.910042
-2.500741 -42.904549
-2.502401 -42.899704
-2.506274 -42.892918
-2.508487 -42.887424
-2.514020 -42.881935
-2.517892 -42.876118
-2.518446 -42.869659
-2.520106 -42.864811
-2.523978 -42.858028
-2.526192 -42.851891
-2.527298 -42.844784
-2.530618 -42.837673
-2.532277 -42.831860
-2.536150 -42.824429
-2.540023 -42.816998
-2.544449 -42.809891
-2.547769 -42.804722
-2.550535 -42.797939
-2.553302 -42.793415
-2.556068 -42.786953
-2.558281 -42.781784
-2.560494 -42.775646
-2.563261 -42.770802
-2.564367 -42.765633
-2.565180 -42.759663
-2.566580 -42.753353
-2.568793 -42.748508
-2.571560 -42.743988
-2.578012 -42.741844
-2.580303 -42.747707
-2.581220 -42.753571
-2.581220 -42.760113
-2.580074 -42.765976
-2.577783 -42.771839
-2.576866 -42.777702
-2.577324 -42.783794
-2.579387 -42.789658
-2.580074 -42.795521
-2.581220 -42.801384
-2.582595 -42.807472
-2.584199 -42.813339
-2.583970 -42.819202
-2.583282 -42.825516
-2.589469 -42.827320
-2.594052 -42.821232
-2.595656 -42.814919
-2.597489 -42.809052
-2.599781 -42.803188
-2.601843 -42.797325
-2.603906 -42.791237
-2.606884 -42.785149
-2.608030 -42.779282
-2.608259 -42.773193
-2.607572 -42.767330
-2.608030 -42.761467
-2.608488 -42.755379
-2.614446 -42.750416
-2.620633 -42.750416
-2.622466 -42.756279
-2.621779 -42.762142
-2.620175 -42.768230
-2.622925 -42.774323
-2.625904 -42.780186
-2.626362 -42.786049
-2.628195 -42.791912
-2.629112 -42.798000
-2.629341 -42.804092
-2.630716 -42.809956
-2.635757 -42.816269
-2.642402 -42.819878
-2.648360 -42.820557
-2.653860 -42.826420
-2.655464 -42.832508
-2.659588 -42.838371
-2.663255 -42.844234
-2.669213 -42.848068
-2.674941 -42.853931
-2.677691 -42.859798
-2.671504 -42.863407
-2.665546 -42.864082
-2.662567 -42.869946
-2.663484 -42.875809
-2.667379 -42.881676
-2.673566 -42.884380
-2.679753 -42.885735
-2.685711 -42.887989
-2.690982 -42.894077
-2.692356 -42.900394
-2.692356 -42.906258
-2.691898 -42.912346
-2.685711 -42.917759
-2.685024 -42.923622
-2.685711 -42.929710
-2.687315 -42.935574
-2.688690 -42.941441
-2.689607 -42.947304
-2.693273 -42.953392
-2.698543 -42.959255
-2.698314 -42.965118
-2.698543 -42.970982
-2.697627 -42.976849
-2.696710 -42.983387
-2.696252 -42.989250
-2.700148 -42.995792
-2.701064 -43.001881
-2.701293 -43.007744
-2.700606 -43.013836
-2.701064 -43.019699
-2.700148 -43.025562
-2.698085 -43.031651
-2.692127 -43.034809
-2.685482 -43.035034
-2.679295 -43.036163
-2.673337 -43.038418
-2.666921 -43.038418
-2.660963 -43.036163
-2.654547 -43.031425
-2.648360 -43.028042
-2.648818 -43.034355
-2.649964 -43.040222
-2.649277 -43.046310
-2.645381 -43.052399
-2.643777 -43.058266
-2.641027 -43.064354
-2.634840 -43.068863
-2.628653 -43.067963
-2.622696 -43.067284
-2.616738 -43.064804
-2.610551 -43.067059
-2.604593 -43.067963
-2.602989 -43.074051
-2.608947 -43.079014
-2.615134 -43.083298
-2.619717 -43.089161
-2.620862 -43.095024
-2.621092 -43.100887
-2.622237 -43.106750
-2.626591 -43.113068
-2.628195 -43.118931
-2.631403 -43.124794
-2.634840 -43.130882
-2.635986 -43.136749
-2.635757 -43.142612
-2.629570 -43.141933
-2.623612 -43.139229
-2.618342 -43.145092
-2.612384 -43.145996
-2.606426 -43.143288
-2.600010 -43.138554
-2.595656 -43.132687
-2.591990 -43.126598
-2.590844 -43.120510
-2.587636 -43.114422
-2.582137 -43.108559
-2.575720 -43.104271
-2.569763 -43.103596
-2.563576 -43.104946
-2.561972 -43.111038
-2.562430 -43.116901
-2.560367 -43.122765
-2.560597 -43.129307
-2.562888 -43.135170
-2.564950 -43.141033
-2.566554 -43.146896
-2.568846 -43.152760
-2.572283 -43.158623
-2.578470 -43.164715
-2.584657 -43.170578
-2.591532 -43.177341
-2.596344 -43.183208
-2.598864 -43.189297
-2.596573 -43.195160
-2.590386 -43.197414
-2.584428 -43.195385
-2.578470 -43.194260
-2.572512 -43.191551
-2.566554 -43.189747
-2.560597 -43.188168
-2.554639 -43.187492
-2.548681 -43.183208
-2.542265 -43.183208
-2.541119 -43.189522
-2.539515 -43.195835
-2.539744 -43.201702
-2.536536 -43.207790
-2.530120 -43.213203
-2.524162 -43.218842
-2.518892 -43.224705
-2.512934 -43.229668
-2.506976 -43.233501
-2.501018 -43.233952
-2.495060 -43.230568
-2.491165 -43.224705
-2.486582 -43.218616
-2.482228 -43.212524
-2.476270 -43.208691
-2.470312 -43.206211
-2.465500 -43.200348
-2.461605 -43.194485
-2.455647 -43.192226
-2.451981 -43.186363
-2.449460 -43.180500
-2.443502 -43.177570
-2.444419 -43.183884
-2.443961 -43.190201
-2.444190 -43.196060
-2.443961 -43.201927
-2.443961 -43.208015
-2.444419 -43.213879
-2.445794 -43.219971
-2.448543 -43.226059
-2.450148 -43.232147
-2.449918 -43.238010
-2.449918 -43.244099
-2.449002 -43.249966
-2.442815 -43.253345
-2.438232 -43.247257
-2.435940 -43.241394
-2.432503 -43.235531
-2.428378 -43.229668
-2.422421 -43.227638
-2.416463 -43.228764
-2.410734 -43.234627
-2.407755 -43.240719
-2.404547 -43.247032
-2.402406 -43.251789
-2.400797 -43.254948
-2.399648 -43.256832
-2.398164 -43.258282
-2.395091 -43.262981
-2.391141 -43.269215
-2.387923 -43.273232
-2.384997 -43.277161
-2.382509 -43.282543
-2.378267 -43.289890
-2.365275 -43.299854
-2.358546 -43.302078
-2.355181 -43.307629
-2.352547 -43.312756
-2.349323 -43.318523
-2.343184 -43.325169
-2.340112 -43.331234
-2.340404 -43.337643
-2.339527 -43.343708
-2.338356 -43.349091
-2.338649 -43.355667
-2.340551 -43.361904
-2.341990 -43.367241
-2.341429 -43.373348
-2.336016 -43.379330
-2.330310 -43.378220
-2.328701 -43.372070
-2.331919 -43.366772

-7.004344 -34.823019  Cabedelo
-7.002508 -34.824019
-6.988285 -34.824019
-6.983697 -34.845019
-6.982550 -34.852019
-6.970391 -34.860019
-6.961444 -34.861019
-6.946762 -34.863019
-6.934374 -34.864019
-6.924050 -34.862019
-6.906615 -34.858019
-6.899503 -34.861019
-6.895144 -34.872019
-6.890327 -34.875019
-6.881380 -34.890019
-6.870368 -34.900019
-6.856603 -34.903019
-6.834810 -34.910019
-6.812786 -34.913019
-6.792369 -34.919019
-6.778833 -34.923019
-6.771722 -34.940019
-6.761169 -34.938019
-6.742586 -34.932019
-6.723775 -34.934019
-6.696705 -34.939019
-6.683628 -34.944019
-6.670552 -34.953019
-6.652199 -34.960019
-6.635222 -34.960019
-6.619852 -34.963019
-6.596223 -34.965019
-6.580394 -34.964019
-6.546211 -34.966019
-6.531529 -34.966019
-6.506982 -34.968019
-6.481976 -34.970019
-6.454447 -34.974019
-6.439077 -34.973019
-6.420724 -34.973019
-6.411547 -34.976019
-6.402600 -34.976019
-6.387000 -34.983019
-6.374383 -34.989019
-6.367271 -34.993019
-6.364977 -34.998019
-6.364747 -35.002019
-6.366387 -35.007019   Baia Formosa
-6.365479 -35.007019
-6.363663 -35.009019
-6.356171 -35.018019
-6.345729 -35.027019
-6.337329 -35.032019
-6.323935 -35.035019
-6.313493 -35.037019
-6.302596 -35.038019
-6.296239 -35.039019
-6.279667 -35.039019
-6.243572 -35.040019
-6.225865 -35.043019
-6.223594 -35.057019
-6.216557 -35.071019
-6.214741 -35.075019
-6.206795 -35.081019
-6.190677 -35.087019
-6.180462 -35.097019
-6.164571 -35.101019
-6.148226 -35.101019
-6.131200 -35.103019
-6.113492 -35.103019
-6.096012 -35.105019
-6.079440 -35.107019
-6.065365 -35.107019
-6.056512 -35.108019
-6.047885 -35.114019
-6.034718 -35.114019
-6.023595 -35.113019
-6.014741 -35.112019
-6.000666 -35.111019
-5.999354 -35.112019 Pirangi do sul 
-5.997574 -35.113019
-5.995622 -35.113019
-5.992293 -35.114019
-5.989652 -35.115019
-5.987528 -35.115019
-5.985806 -35.116019
-5.985404 -35.118019
-5.984026 -35.120019
-5.983452 -35.122019
-5.981271 -35.122019
-5.978745 -35.122019
-5.975875 -35.123019
-5.973866 -35.124019
-5.972373 -35.125019
-5.969847 -35.127019
-5.968067 -35.129019
-5.966633 -35.132019
-5.965197 -35.133019
-5.966346 -35.136019
-5.966403 -35.138019
-5.966346 -35.139019
-5.965542 -35.140019
-5.964336 -35.143019
-5.961236 -35.146019
-5.958136 -35.148019
-5.954922 -35.149019
-5.951076 -35.151019
-5.948205 -35.152019
-5.945852 -35.153019
-5.942407 -35.154019
-5.938274 -35.154019
-5.934371 -35.154019
-5.930812 -35.154019
-5.928229 -35.154019
-5.925255 -35.156089
-5.906185 -35.156199
-5.885675 -35.153589
-5.882685 -35.154119
-5.881865 -35.155199
-5.883125 -35.155929
-5.879225 -35.160069
-5.880008 -35.162019
-5.881902 -35.165019
-5.881845 -35.166019
-5.880697 -35.169019
-5.879204 -35.171019
-5.878975 -35.171019
-5.878401 -35.172019
-5.876851 -35.173019
-5.876449 -35.174019
-5.874095 -35.174019
-5.871225 -35.176019
-5.870192 -35.177019
-5.866460 -35.178019
-5.861925 -35.180019
-5.858079 -35.180019
-5.853372 -35.180019
-5.848607 -35.180019
-5.842293 -35.180019
-5.832132 -35.181019
-5.831500 -35.181019
-5.827597 -35.181019
-5.820249 -35.181019
-5.814279 -35.181019
-5.808251 -35.180019
-5.803085 -35.180019
-5.798148 -35.179019
-5.795393 -35.179019
-5.793326 -35.180019
-5.789939 -35.182019
-5.789709 -35.183019
-5.789537 -35.184019
-5.786667 -35.186019
-5.783108 -35.188019
-5.781845 -35.189019
-5.780639 -35.190019
-5.775071 -35.192019
-5.771225 -35.193019
-5.766805 -35.195019
-5.762155 -35.195019
-5.759572 -35.196019
-5.756529 -35.196019
-5.756070 -35.198019
-5.757275 -35.202019
-5.762040 -35.204019
-5.768010 -35.206019
-5.773693 -35.208019
-5.779721 -35.212019
-5.783682 -35.215019
-5.785002 -35.218019
-5.785978 -35.221019
-5.786322 -35.225019
-5.787930 -35.230019
-5.787873 -35.231019
-5.787126 -35.234019
-5.786208 -35.238019
-5.783222 -35.242019
-5.782132 -35.244019
-5.779204 -35.245019
-5.777941 -35.246019
-5.777884 -35.246019
-5.776678 -35.242019
-5.776563 -35.237019
-5.777252 -35.235019
-5.780008 -35.231019
-5.781501 -35.228019
-5.781673 -35.224019
-5.781271 -35.220019
-5.779032 -35.216019
-5.776391 -35.213019
-5.773865 -35.213019
-5.769790 -35.213019
-5.767149 -35.212019
-5.763418 -35.211019
-5.759572 -35.211019
-5.755037 -35.208019
-5.753028 -35.203019
-5.748894 -35.200019
-5.747689 -35.200019
-5.747836 -35.200019  Natal
-5.747561 -35.201019
-5.744090 -35.202019
-5.740234 -35.202019
-5.731365 -35.202019
-5.725250 -35.201019
-5.720236 -35.200019
-5.714452 -35.199019
-5.709824 -35.197019
-5.704866 -35.195019
-5.700955 -35.193019
-5.697319 -35.193019
-5.693793 -35.195019
-5.692911 -35.200019
-5.693242 -35.201019
-5.693132 -35.205019
-5.691424 -35.206019
-5.688009 -35.209019
-5.684703 -35.213019
-5.681893 -35.215019
-5.678973 -35.217019
-5.675503 -35.218019
-5.670985 -35.221019
-5.664650 -35.221019
-5.658810 -35.220019
-5.652695 -35.220019
-5.647572 -35.221019
-5.640961 -35.221019
-5.636499 -35.222019
-5.634351 -35.221019
-5.631706 -35.224019
-5.629061 -35.227019
-5.625371 -35.230019
-5.618925 -35.233019
-5.615619 -35.233019
-5.608072 -35.231019
-5.605152 -35.231019
-5.596283 -35.231019
-5.593473 -35.232019
-5.587964 -35.233019
-5.583943 -35.233019
-5.580527 -35.235019
-5.578213 -35.240019
-5.574467 -35.243019
-5.572539 -35.244019
-5.567305 -35.247019
-5.564386 -35.249019
-5.562567 -35.252019
-5.559648 -35.253019
-5.556893 -35.255019
-5.554029 -35.255019
-5.552486 -35.256019
-5.549456 -35.257019
-5.542019 -35.257019
-5.538604 -35.257019
-5.526539 -35.258019
-5.522241 -35.258019
-5.516347 -35.258019
-5.511609 -35.258019
-5.509240 -35.259019
-5.508138 -35.260019
-5.508028 -35.260019  *************
-5.501597 -35.264019
-5.500446 -35.265019
-5.492154 -35.265019
-5.483863 -35.264019
-5.473730 -35.264019
-5.471427 -35.267019
-5.470045 -35.275019
-5.458760 -35.284019
-5.445632 -35.289019
-5.432965 -35.292019
-5.425135 -35.293019
-5.423753 -35.294019
-5.419147 -35.299019
-5.408552 -35.307019
-5.393583 -35.310019
-5.383679 -35.315019
-5.374236 -35.320019
-5.369860 -35.329019
-5.368479 -35.333019
-5.366866 -35.344019
-5.354430 -35.352019
-5.339920 -35.358019
-5.326102 -35.363019
-5.310441 -35.366019
-5.294089 -35.369019
-5.283034 -35.369019
-5.271980 -35.372019
-5.267834 -35.376019
-5.260464 -35.383019
-5.248488 -35.389019
-5.236282 -35.395019
-5.229603 -35.400019
-5.219239 -35.415019
-5.210027 -35.431019
-5.199202 -35.445019
-5.191141 -35.452019
-5.177783 -35.464019
-5.164195 -35.473019
-5.151528 -35.488019
-5.145310 -35.499019
-5.140243 -35.514019
-5.134255 -35.542019
-5.130801 -35.549019
-5.119055 -35.577019
-5.115600 -35.593019
-5.106387 -35.609019
-5.102933 -35.619019
-5.105006 -35.635019
-5.104315 -35.645019
-5.099479 -35.662019
-5.091418 -35.678019
-5.091187 -35.693019
-5.089345 -35.702019
-5.085660 -35.714019
-5.078750 -35.731019
-5.075526 -35.748019
-5.066544 -35.775019
-5.061938 -35.784019
-5.060556 -35.795019
-5.058714 -35.834019
-5.055259 -35.849019
-5.054798 -35.873019
-5.051574 -35.890019
-5.045586 -35.906019
-5.041671 -35.914019
-5.036834 -35.930019
-5.033150 -35.942019
-5.031537 -35.958019
-5.031998 -35.976019
-5.084985 -36.002019   Norte do Rio Grande
-5.100985 -36.092019
-5.106985 -36.199019
-5.089985 -36.269019
-5.095985 -36.424019
-5.073985 -36.472019
-5.078985 -36.536019
-5.062985 -36.622019
-5.067985 -36.686019
-5.046985 -36.809019
-5.040985 -36.852019
-5.073985 -37.066019
-5.047 -37.199
-4.969 -37.354
-4.839 -37.499
-4.861 -37.525
-4.823 -37.531
-4.779 -37.600
-4.747 -37.659
-4.616 -37.787
-4.573 -37.836
-4.485 -37.932
-4.311 -38.097
-4.278 -38.119
-4.251 -38.119
-4.213 -38.179
-4.114 -38.264
-3.941 -38.298
-3.984 -38.349
-3.956 -38.418
-3.924 -38.461
-3.891 -38.547
-3.814 -38.702
-3.738 -38.841
-3.689 -38.889
-3.623 -38.980
-3.618 -39.028
-3.558 -39.145
-3.492 -39.231
-3.443 -39.263
-3.438 -39.295
-3.394 -39.375
-3.378 -39.423
-3.285 -39.573
-3.219 -39.723
-3.170 -39.755
-3.099 -39.851
-3.034 -39.979
-2.919 -40.129
-2.919 -40.306
-2.908 -40.370
-2.881 -40.434
-2.870 -40.525
-2.859 -40.562
-2.870 -41.043
-2.843 -41.150
-2.837 -41.231
-2.859 -41.247
-2.864 -41.455
-2.886 -41.557
-2.897 -41.658
-2.900 -41.667
-2.733 -41.833
-2.733 -42.000
-2.683 -42.067
-2.683 -42.233
-2.783 -42.267
-2.700 -42.533
-2.583 -42.717
-2.450 -43.000